Date,Low,Open,Volume,High,Close,Adjusted Close
24-09-1998,0.7759889960289001,0.9382010102272034,518656090,0.9513540267944336,0.8307909965515137,0.8018481731414795
25-09-1998,0.7211880087852478,0.7979099750518799,121255834,0.8088700175285339,0.7869489789009094,0.7595335245132446
28-09-1998,0.8066779971122742,0.8329830169677734,89772883,0.8921679854393005,0.8461350202560425,0.8166576623916626
29-09-1998,0.8373669981956482,0.865863025188446,39289536,0.8812080025672913,0.8570950031280518,0.8272358775138855
30-09-1998,0.7584530115127563,0.8275020122528076,44113766,0.841750979423523,0.7902370095252991,0.762706995010376
01-10-1998,0.7014589905738831,0.7474920153617859,44433101,0.7584530115127563,0.7014589905738831,0.677021861076355
02-10-1998,0.6137769818305969,0.7102270126342773,46816704,0.7321479916572571,0.7014589905738831,0.677021861076355
05-10-1998,0.6115850210189819,0.686115026473999,33832339,0.686115026473999,0.6291210055351257,0.6072039604187012
06-10-1998,0.5611670017242432,0.670769989490509,40270349,0.670769989490509,0.640080988407135,0.6177821159362793
07-10-1998,0.5414389967918396,0.6137769818305969,35058355,0.624737024307251,0.5414389967918396,0.5225765705108643
08-10-1998,0.442795991897583,0.48882898688316345,57172262,0.5129420161247253,0.5085579752922058,0.49084094166755676
09-10-1998,0.5173259973526001,0.5392469763755798,38519712,0.5655509829521179,0.5392469763755798,0.5204609036445618
12-10-1998,0.5523989796638489,0.5611670017242432,28198368,0.5611670017242432,0.5523989796638489,0.5331546664237976
13-10-1998,0.5129420161247253,0.5534949898719788,15430694,0.5567830204963684,0.5151339769363403,0.49718794226646423
14-10-1998,0.5107499957084656,0.5107499957084656,30935520,0.5633590221405029,0.5282859802246094,0.509881854057312
15-10-1998,0.5282859802246094,0.5282859802246094,29144966,0.5743200182914734,0.5721279978752136,0.5521964430809021
16-10-1998,0.5787039995193481,0.5852800011634827,43343942,0.640080988407135,0.6313130259513855,0.6093195676803589
19-10-1998,0.6488500237464905,0.6510419845581055,78151392,0.8066779971122742,0.7957180142402649,0.767997145652771
20-10-1998,0.7935259938240051,0.8592870235443115,109292198,0.9097049832344055,0.8154460191726685,0.7870378494262695
21-10-1998,0.8285980224609375,0.8592870235443115,65703053,0.903128981590271,0.8866879940032959,0.8557978868484497
22-10-1998,0.8636710047721863,0.9075130224227905,53323142,0.9382010102272034,0.9042249917984009,0.8727239370346069
23-10-1998,0.8680559992790222,0.9053210020065308,32309798,0.91628098487854,0.8790159821510315,0.8483932018280029
26-10-1998,1.0302679538726807,1.0521889925003052,389981434,1.2889310121536255,1.2867389917373657,1.2419120073318481
27-10-1998,1.4073020219802856,1.4292229413986206,571032634,1.5925309658050537,1.4467589855194092,1.396357536315918
28-10-1998,1.341539978981018,1.367845058441162,254555136,1.4862159490585327,1.4029179811477661,1.35404372215271
29-10-1998,1.3985340595245361,1.4248390197753906,81150854,1.4544310569763184,1.4007259607315063,1.3519279956817627
30-10-1998,1.404013991355896,1.418262004852295,94944960,1.479640007019043,1.4577200412750244,1.406936526298523
02-11-1998,1.4686800241470337,1.523481011390686,123707866,1.5388259887695312,1.4730639457702637,1.421746015548706
03-11-1998,1.4555269479751587,1.4905999898910522,45978451,1.4993690252304077,1.4730639457702637,1.421746015548706
04-11-1998,1.4325109720230103,1.4993690252304077,44632685,1.5037529468536377,1.4500470161437988,1.3995307683944702
05-11-1998,1.3809969425201416,1.420454978942871,66085114,1.4686800241470337,1.4237430095672607,1.374143123626709
06-11-1998,1.4073020219802856,1.4094940423965454,48966509,1.4807360172271729,1.4730639457702637,1.421746015548706
09-11-1998,1.4818320274353027,1.4840240478515625,202355366,1.8062570095062256,1.8062570095062256,1.7433314323425293
10-11-1998,1.9487409591674805,1.9761420488357544,577698739,2.4551069736480713,2.295085906982422,2.215130567550659
11-11-1998,2.001349925994873,2.2315170764923096,306874656,2.3718080520629883,2.033134937286377,1.9623055458068848
12-11-1998,1.9728540182113647,1.996966004371643,223699450,2.3301589488983154,2.2095959186553955,2.1326186656951904
13-11-1998,2.0999929904937744,2.2797420024871826,135688608,2.3312549591064453,2.173427104949951,2.097709894180298
16-11-1998,2.142738103866577,2.2709739208221436,82411085,2.2797420024871826,2.2380928993225098,2.160122871398926
17-11-1998,2.174523115158081,2.235901117324829,81555725,2.332350969314575,2.255629062652588,2.177048683166504
18-11-1998,2.198636054992676,2.2885100841522217,201192077,2.6041669845581055,2.58663010597229,2.49651837348938
19-11-1998,2.486891031265259,2.648008108139038,135973728,2.720345973968506,2.5208680629730225,2.433047294616699
20-11-1998,2.4616830348968506,2.6304709911346436,67214189,2.6304709911346436,2.577862024307251,2.488055467605591
23-11-1998,2.6600639820098877,2.6830809116363525,162518400,3.4283809661865234,3.38454008102417,3.2666306495666504
24-11-1998,3.121493101119995,3.314393997192383,342451930,4.105727195739746,3.4513978958129883,3.3311595916748047
25-11-1998,3.4283809661865234,3.524832010269165,195546701,3.757189989089966,3.5862090587615967,3.4612743854522705
27-11-1998,3.6300508975982666,3.7001960277557373,66632544,3.8602170944213867,3.8229520320892334,3.6897695064544678
30-11-1998,3.2968571186065674,3.935842990875244,135768442,3.945707082748413,3.4656460285186768,3.3449110984802246
01-12-1998,3.191638946533203,3.280416965484619,147874637,3.6651229858398438,3.634434938430786,3.5078203678131104
02-12-1998,3.472222089767456,3.612514019012451,72072634,3.7528059482574463,3.5599050521850586,3.4358859062194824
03-12-1998,3.2442479133605957,3.4766058921813965,76469184,3.6519711017608643,3.2793209552764893,3.165076971054077
04-12-1998,2.8102200031280518,3.4196128845214844,138288902,3.4716739654541016,3.200407028198242,3.08891224861145
07-12-1998,2.928591012954712,3.2091751098632812,115382362,3.2091751098632812,3.0557310581207275,2.949276924133301
08-12-1998,2.919822931289673,2.9461278915405273,120868070,3.191638946533203,3.101763963699341,2.993705987930298
09-12-1998,3.029426097869873,3.114917039871216,119431066,3.4108450412750244,3.1483449935913086,3.0386643409729004
10-12-1998,3.1587579250335693,3.2267119884490967,114025190,3.342890977859497,3.26397705078125,3.150268077850342
11-12-1998,3.192734956741333,3.1960229873657227,60257261,3.3889238834381104,3.3670029640197754,3.249704599380493
14-12-1998,3.2530159950256348,3.259592056274414,46685549,3.38454008102417,3.3056259155273438,3.1904661655426025
15-12-1998,3.3187780380249023,3.375771999359131,40424314,3.4086520671844482,3.402076005935669,3.2835559844970703
16-12-1998,3.5072948932647705,3.5094869136810303,123251674,3.9632439613342285,3.9194018840789795,3.7828595638275146
17-12-1998,3.779110908508301,3.8229520320892334,106326950,4.270132064819336,4.179161071777344,4.0335693359375
18-12-1998,4.296436786651611,4.384119033813477,83830982,4.598940849304199,4.4235758781433105,4.269468784332275
21-12-1998,4.506874084472656,4.533178806304932,132164525,5.269711017608643,5.197372913360596,5.016308784484863
22-12-1998,4.94966983795166,5.368353843688965,105979104,5.454939842224121,5.278479099273682,5.094589710235596
23-12-1998,5.146955966949463,5.4034271240234375,42699571,5.45822811126709,5.225870132446289,5.043813228607178
24-12-1998,4.945285797119141,5.085577964782715,26213933,5.210525035858154,5.015431880950928,4.840705871582031
28-12-1998,4.840066909790039,5.041737079620361,60770477,5.296016216278076,5.008855819702148,4.834360122680664
29-12-1998,4.7348480224609375,5.103114128112793,33729696,5.103114128112793,4.803897857666016,4.636541366577148
30-12-1998,4.0224289894104,4.723887920379639,99484070,4.732656002044678,4.434535980224609,4.2800469398498535
31-12-1998,4.226291179656982,4.2745161056518555,37441958,4.525506973266602,4.230675220489502,4.083288669586182
04-01-1999,4.068461894989014,4.14518404006958,44689709,4.401655197143555,4.208754062652588,4.062131404876709
05-01-1999,3.8536410331726074,3.999413013458252,75265978,4.077230930328369,3.928170919418335,3.791322708129883
06-01-1999,4.085999011993408,4.103535175323486,108921542,4.997896194458008,4.962822914123535,4.7899298667907715
07-01-1999,4.737040996551514,4.772112846374512,118450253,5.523990154266357,5.225870132446289,5.043813228607178
08-01-1999,5.034064769744873,5.523990154266357,89453549,5.629209041595459,5.127226829528809,4.948606491088867
11-01-1999,4.875140190124512,5.332184791564941,43982611,5.348625183105469,5.111883163452148,4.9337968826293945
12-01-1999,4.208754062652588,4.910212993621826,63262426,5.129418849945068,4.217522144317627,4.070594310760498
13-01-1999,3.724308967590332,3.805414915084839,77586854,4.138607978820801,3.779110908508301,3.6474556922912598
14-01-1999,3.842679977416992,3.936939001083374,70641331,4.239442825317383,3.9511868953704834,3.813537359237671
15-01-1999,3.8930981159210205,3.9895479679107666,44786650,4.243826866149902,3.917210102081299,3.7807435989379883
19-01-1999,3.7440381050109863,4.340278148651123,36757670,4.384119033813477,4.0311970710754395,3.8907599449157715
20-01-1999,3.6826601028442383,4.02681303024292,52302413,4.0443501472473145,3.7484219074249268,3.6178359985351562
21-01-1999,3.159853935241699,3.454685926437378,90029491,3.542367935180664,3.187253952026367,3.0762176513671875
22-01-1999,2.911055088043213,2.911055088043213,125966016,3.858025074005127,3.4503018856048584,3.330101490020752
25-01-1999,3.2091751098632812,3.5072948932647705,108978566,3.8196640014648438,3.8141839504241943,3.681307077407837
26-01-1999,3.735269069671631,3.8404879570007324,84680640,4.116687774658203,3.873368978500366,3.7384302616119385
27-01-1999,4.980359077453613,5.348625183105469,251110886,5.506453037261963,5.322319984436035,5.136902332305908
28-01-1999,5.015431880950928,5.331089019775391,66746592,5.363969802856445,5.131610870361328,4.9528374671936035
29-01-1999,4.769920825958252,5.015431880950928,91791533,5.201756954193115,4.868564128875732,4.698955535888672
01-02-1999,4.585787773132324,4.892676830291748,66256186,4.910212993621826,4.59455680847168,4.434493064880371
02-02-1999,4.296436786651611,4.561676025390625,49086259,4.561676025390625,4.458649158477783,4.303319931030273
03-02-1999,4.331510066986084,4.366581916809082,53545536,4.910212993621826,4.879524230957031,4.709533214569092
04-02-1999,4.156145095825195,4.804994106292725,217672013,4.875140190124512,4.19121789932251,4.045205593109131
05-02-1999,3.858025074005127,4.30520486831665,105733901,4.331510066986084,3.8799450397491455,3.744776964187622
08-02-1999,3.9128260612487793,4.033389091491699,80677555,4.285476207733154,4.050926208496094,3.909801959991455
09-02-1999,3.6826601028442383,4.050926208496094,48128256,4.068461894989014,3.733077049255371,3.6030256748199463
10-02-1999,3.3670029640197754,3.6804680824279785,71650656,3.794455051422119,3.7177329063415527,3.5882155895233154
11-02-1999,3.735269069671631,3.844871997833252,75174739,4.217522144317627,4.199985980987549,4.05366849899292
12-02-1999,4.0037970542907715,4.136415958404541,69090278,4.344662189483643,4.138607978820801,3.994428873062134
16-02-1999,4.0027008056640625,4.230675220489502,36124704,4.3139729499816895,4.0531182289123535,3.911917209625244
17-02-1999,4.02900505065918,4.182448863983154,66951878,4.3139729499816895,4.085999011993408,3.9436533451080322
18-02-1999,3.9018659591674805,4.110112190246582,43047418,4.178064823150635,4.123263835906982,3.979618787765503
19-02-1999,4.064077854156494,4.151761054992676,36124704,4.235058784484863,4.199985980987549,4.05366849899292
22-02-1999,4.235058784484863,4.292051792144775,100812730,4.997896194458008,4.8882927894592285,4.717996120452881
23-02-1999,4.875140190124512,4.9781670570373535,115599053,5.1995649337768555,4.9562458992004395,4.7835822105407715
24-02-1999,4.997896194458008,5.092154026031494,94386125,5.304783821105957,5.015431880950928,4.840705871582031
25-02-1999,4.93213415145874,5.094346046447754,73549555,5.258750915527344,5.2521748542785645,5.069201469421387
26-02-1999,5.254366874694824,5.392466068267822,197000813,5.8944478034973145,5.85718297958374,5.65313196182251
01-03-1999,5.370545864105225,5.730042934417725,280586592,6.212296962738037,5.664281845092773,5.466951847076416
02-03-1999,5.747580051422119,5.819918155670166,186358234,6.365740776062012,6.158590793609619,5.944039821624756
03-03-1999,6.181608200073242,6.480823993682861,102354278,6.576178073883057,6.4972639083862305,6.270914554595947
04-03-1999,6.4972639083862305,6.7800397872924805,104631437,6.898410797119141,6.8819708824157715,6.642219066619873
05-03-1999,7.102272987365723,7.306134223937988,158532422,7.947311878204346,7.851956844329834,7.578413486480713
08-03-1999,8.009784698486328,8.121580123901367,165966451,8.996212005615234,8.996212005615234,8.682805061340332
09-03-1999,8.489846229553223,9.213226318359375,127629216,9.331597328186035,8.746316909790039,8.441617012023926
10-03-1999,7.996633052825928,8.812079429626465,92867386,8.877840995788574,8.15774917602539,7.873552322387695
11-03-1999,7.628366947174072,8.101852416992188,66729485,8.463541984558105,7.891414165496826,7.6164960861206055
12-03-1999,7.299558162689209,7.582334041595459,58109357,7.838805198669434,7.470539093017578,7.210283279418945
15-03-1999,7.490266799926758,7.654672145843506,65955859,8.295848846435547,8.249815940856934,7.962412357330322
16-03-1999,8.167613983154297,8.45038890838623,44619379,8.703572273254395,8.302425384521484,8.013189315795898
17-03-1999,7.947311878204346,8.128156661987305,32068397,8.351746559143066,8.193918228149414,7.908461570739746
18-03-1999,8.009784698486328,8.193918228149414,36637920,8.627945899963379,8.456965446472168,8.162345886230469
19-03-1999,8.23337459564209,8.631234169006348,31741459,8.667403221130371,8.404356002807617,8.111568450927734
22-03-1999,8.101852416992188,8.338594436645508,23900659,8.522727012634277,8.16103744506836,7.8767266273498535
23-03-1999,7.417929172515869,8.04924201965332,36472550,8.101852416992188,7.700705051422119,7.432430744171143
24-03-1999,7.220643997192383,7.556028842926025,34214400,7.680975914001465,7.648096084594727,7.381654739379883
25-03-1999,8.207071304321289,8.404356002807617,58692902,8.601640701293945,8.384628295898438,8.092527389526367
26-03-1999,8.04924201965332,8.207071304321289,27183341,8.522727012634277,8.128156661987305,7.8449907302856445
29-03-1999,7.680975914001465,7.799347877502441,51834816,8.09527587890625,7.774686813354492,7.503835678100586
30-03-1999,7.115425109863281,7.654672145843506,67415674,7.680975914001465,7.2140679359436035,6.962748050689697
31-03-1999,6.9707489013671875,6.977324962615967,52091424,7.628366947174072,7.223931789398193,6.9722676277160645
01-04-1999,7.0036301612854,7.57575798034668,41021165,7.57575798034668,7.29298210144043,7.038912773132324
05-04-1999,7.12857723236084,7.339015007019043,80255578,8.25228214263916,7.825652122497559,7.553024768829346
06-04-1999,7.707281112670898,7.878262042999268,46208448,8.285984992980957,7.996633052825928,7.718049049377441
07-04-1999,7.69412899017334,8.259679794311523,32471366,8.285984992980957,7.891414165496826,7.6164960861206055
08-04-1999,7.746737957000732,7.957176208496094,95665363,9.052109718322754,9.035669326782227,8.720888137817383
09-04-1999,8.73316478729248,8.785774230957031,119370240,10.04840087890625,9.64725399017334,9.311166763305664
12-04-1999,9.009364128112793,9.469696998596191,110113344,10.258837699890137,9.292140007019043,8.968423843383789
13-04-1999,9.094855308532715,9.186921119689941,116002022,9.777132987976074,9.094855308532715,8.778013229370117
14-04-1999,8.470117568969727,9.469696998596191,68124672,9.476272583007812,8.568760871887207,8.270245552062988
15-04-1999,8.022937774658203,8.522727012634277,97298150,9.574915885925293,9.410511016845703,9.082670211791992
16-04-1999,8.943602561950684,9.232954978942871,43615757,9.486137390136719,9.259259223937988,8.936687469482422
19-04-1999,7.996633052825928,9.094855308532715,55761869,9.14746379852295,8.108428001403809,7.825949668884277
20-04-1999,7.69412899017334,7.901278018951416,55292371,8.621370315551758,8.549032211303711,8.251205444335938
21-04-1999,8.535880088806152,8.660826683044434,29156371,8.9699068069458,8.772622108459473,8.46700382232666
22-04-1999,8.647674560546875,8.996212005615234,27875232,9.219801902770996,9.048822402954102,8.73358154296875
23-04-1999,8.943602561950684,9.068550109863281,145219219,10.732322692871094,10.528462409973145,10.161675453186035
26-04-1999,10.68628978729248,11.021675109863281,111953318,11.449127197265625,10.995369911193848,10.612317085266113
27-04-1999,10.67971420288086,12.304030418395996,194659027,12.310606002807617,11.008522987365723,10.625011444091797
28-04-1999,10.081281661987305,10.837541580200195,108461549,10.837541580200195,10.130602836608887,9.777677536010742
29-04-1999,9.41708755493164,9.41708755493164,134586144,11.363636016845703,11.311026573181152,10.916976928710938
30-04-1999,10.469276428222656,11.409669876098633,90751795,11.679292678833008,10.949337005615234,10.567890167236328
03-05-1999,9.9957914352417,10.525174140930176,57702586,10.725747108459473,10.028672218322754,9.679298400878906
04-05-1999,9.259259223937988,9.9957914352417,70591910,10.56791877746582,9.5354585647583,9.203265190124512
05-05-1999,8.838383674621582,9.436816215515137,75864730,9.9957914352417,9.828099250793457,9.485711097717285
06-05-1999,9.206649780273438,9.805082321166992,49859885,10.1010103225708,9.232954978942871,8.911300659179688
07-05-1999,9.101430892944336,9.403935432434082,57029702,9.824810981750488,9.295428276062012,8.971597671508789
10-05-1999,9.469696998596191,9.588068008422852,65343802,10.298295021057129,10.173348426818848,9.818933486938477
11-05-1999,10.140466690063477,10.39693832397461,45731347,10.574495315551758,10.27527904510498,9.917312622070312
12-05-1999,9.88399600982666,10.252262115478516,36805190,10.620528221130371,10.456124305725098,10.09185791015625
13-05-1999,9.9957914352417,10.607376098632812,35278848,10.857271194458008,10.127314567565918,9.774502754211426
14-05-1999,9.693286895751953,9.759049415588379,34929101,10.04840087890625,9.778777122497559,9.43810749053955
17-05-1999,9.213226318359375,9.574915885925293,49483526,10.469276428222656,10.439682960510254,10.075989723205566
18-05-1999,9.943181991577148,10.258837699890137,39928205,10.469276428222656,9.97277545928955,9.625348091125488
19-05-1999,10.074705123901367,10.074705123901367,43277414,10.452836036682129,10.354192733764648,9.993477821350098
20-05-1999,9.811657905578613,10.311448097229004,25278739,10.390361785888672,9.81823444366455,9.476191520690918
21-05-1999,9.601221084594727,9.762336730957031,27930355,10.1010103225708,10.020451545715332,9.671361923217773
24-05-1999,9.226378440856934,9.99250316619873,40886208,9.9957914352417,9.640678405761719,9.304819107055664
25-05-1999,8.595065116882324,9.489425659179688,72021312,9.54861068725586,8.62465763092041,8.324195861816406
26-05-1999,7.967040061950684,8.555607795715332,99261677,9.311868667602539,9.170480728149414,8.851003646850586
27-05-1999,8.812079429626465,9.101430892944336,45297965,9.394070625305176,8.890993118286133,8.58125114440918
28-05-1999,8.690420150756836,8.923873901367188,38981606,9.443391799926758,9.321733474731445,8.996987342834473
01-06-1999,8.575337409973145,9.154040336608887,50779872,9.614373207092285,8.759469985961914,8.454312324523926
02-06-1999,7.970327854156494,8.545743942260742,103969958,9.231310844421387,8.881129264831543,8.571732521057129
03-06-1999,8.417508125305176,8.96333122253418,52671168,8.996212005615234,8.486557960510254,8.19090747833252
04-06-1999,8.279409408569336,8.483269691467285,48974112,8.910721778869629,8.864688873291016,8.555863380432129
07-06-1999,8.910721778869629,8.910721778869629,67708397,9.811657905578613,9.640678405761719,9.304819107055664
08-06-1999,9.318445205688477,9.627525329589844,46027872,9.83138656616211,9.66698169708252,9.330207824707031
09-06-1999,9.384206771850586,9.673559188842773,29933798,9.680134773254395,9.627525329589844,9.292125701904297
10-06-1999,9.24610710144043,9.48284912109375,44974829,9.811657905578613,9.611084938049316,9.276257514953613
11-06-1999,8.601640701293945,9.496002197265625,103627814,9.55847454071045,8.72658920288086,8.422575950622559
14-06-1999,7.0233588218688965,8.391203880310059,283519526,8.417508125305176,7.154881954193115,6.905622959136963
15-06-1999,6.664957046508789,7.0036301612854,210078317,7.523148059844971,7.12857723236084,6.880235195159912
16-06-1999,7.365320205688477,7.496842861175537,124245792,7.914431095123291,7.825652122497559,7.553024768829346
17-06-1999,7.661248207092285,7.848669052124023,108900634,8.282696723937988,7.720434188842773,7.451473236083984
18-06-1999,7.536301136016846,7.865108966827393,37339315,7.874973773956299,7.690841197967529,7.422910690307617
21-06-1999,7.470539093017578,7.983480930328369,77934701,8.259679794311523,7.999920845031738,7.721223831176758
22-06-1999,7.763178825378418,8.036089897155762,76254394,8.417508125305176,7.796060085296631,7.5244646072387695
23-06-1999,7.470539093017578,7.763178825378418,58257619,7.976903915405273,7.70399284362793,7.435604095458984
24-06-1999,7.385047912597656,7.7270097732543945,42001978,7.865108966827393,7.477115154266357,7.216629505157471
25-06-1999,6.954308986663818,7.57575798034668,51502176,7.5856218338012695,7.154881954193115,6.905622959136963
28-06-1999,6.707702159881592,7.136797904968262,96716506,7.378471851348877,7.368607997894287,7.111903667449951
29-06-1999,7.049663066864014,7.279829978942871,73477325,7.556028842926025,7.4047770500183105,7.146812438964844
30-06-1999,7.181187152862549,7.240372180938721,85214765,8.207071304321289,7.963751792907715,7.686313629150391
01-07-1999,7.6743998527526855,8.059106826782227,63665395,8.256391525268555,7.873330116271973,7.5990424156188965
02-07-1999,7.450809955596924,7.8125,53862970,8.036089897155762,7.556028842926025,7.2927961349487305
06-07-1999,7.260100841522217,7.496842861175537,96705101,7.805923938751221,7.4047770500183105,7.146812438964844
07-07-1999,7.151594161987305,7.467250823974609,79833600,7.651383876800537,7.273252964019775,7.019869327545166
08-07-1999,6.918139934539795,7.1220011711120605,95461978,7.388336181640625,7.05952787399292,6.8135905265808105
09-07-1999,7.05952787399292,7.118712902069092,33474989,7.246949195861816,7.141729831695557,6.892928600311279
12-07-1999,6.710989952087402,7.075967788696289,78031642,7.075967788696289,6.727430820465088,6.493062973022461
13-07-1999,6.326283931732178,6.615635871887207,106912397,6.812921047210693,6.576178073883057,6.347079753875732
14-07-1999,6.359165191650391,6.6518049240112305,73602778,6.707702159881592,6.4709601402282715,6.245527744293213
15-07-1999,6.4183502197265625,6.480823993682861,82549843,6.799768924713135,6.681396961212158,6.448633193969727
16-07-1999,6.428214073181152,6.635364055633545,34752326,6.707702159881592,6.469316005706787,6.243940353393555
19-07-1999,6.168455123901367,6.500552177429199,55490054,6.50383996963501,6.191472053527832,5.975775718688965
20-07-1999,5.826494216918945,6.102694034576416,54879898,6.128997802734375,5.941576957702637,5.734586715698242
21-07-1999,5.84951114654541,5.990899085998535,69647213,6.293403148651123,6.066524982452393,5.855181694030762
22-07-1999,5.701547145843506,5.97445821762085,80706067,5.990899085998535,5.717987060546875,5.518786430358887
23-07-1999,5.648937225341797,5.787036895751953,60894029,5.892255783081055,5.671954154968262,5.4743571281433105
26-07-1999,5.428635120391846,5.57659912109375,82323648,5.806766033172607,5.4911088943481445,5.299812316894531
27-07-1999,5.182028770446777,5.523990154266357,161583206,5.678530216217041,5.237926006317139,5.055449485778809
28-07-1999,5.195180892944336,5.21491003036499,100094227,5.616055965423584,5.520701885223389,5.328373908996582
29-07-1999,5.277382850646973,5.306975841522217,62578138,5.471380233764648,5.379313945770264,5.191911220550537
30-07-1999,5.129418849945068,5.438499927520752,45354989,5.500973224639893,5.139283180236816,4.96024227142334
02-08-1999,4.7874579429626465,5.096538066864014,75250771,5.2609429359436035,4.800610065460205,4.633368015289307
03-08-1999,4.340278148651123,4.853219985961914,147319603,4.866372108459473,4.438920021057129,4.284278392791748
04-08-1999,3.978588104248047,4.392887115478516,151003354,4.524411201477051,3.985163927078247,3.846330404281616
05-08-1999,3.697455883026123,3.9489951133728027,258020294,4.905828952789307,4.886100769042969,4.715880870819092
06-08-1999,4.340278148651123,4.682239055633545,288138470,5.155724048614502,4.379734992980957,4.227156162261963
09-08-1999,4.116687774658203,4.373158931732178,137275776,4.5178351402282715,4.18902587890625,4.043089866638184
10-08-1999,4.156145095825195,4.281092166900635,286507584,4.81376314163208,4.6953911781311035,4.531815052032471
11-08-1999,4.471800804138184,4.917336940765381,204575501,4.918981075286865,4.613189220428467,4.452476978302002
12-08-1999,4.577020168304443,4.619764804840088,124521408,4.997896194458008,4.807186126708984,4.639715194702148
13-08-1999,5.004471778869629,5.089962005615234,104926061,5.188604831695557,5.155724048614502,4.976110935211182
16-08-1999,5.034064769744873,5.145860195159912,197130067,5.7738847732543945,5.7344279289245605,5.53465461730957
17-08-1999,5.701547145843506,5.777173042297363,218417126,6.2276411056518555,6.194759845733643,5.978949069976807
18-08-1999,6.326283931732178,6.401909828186035,230686790,6.806344985961914,6.625500202178955,6.394683361053467
19-08-1999,5.933356761932373,6.405198097229004,190625530,6.536721229553223,5.9843220710754395,5.775842666625977
20-08-1999,5.938289165496826,6.000762939453125,170254656,6.516993045806885,6.4709601402282715,6.245527744293213
23-08-1999,6.392045021057129,6.681396961212158,141491750,6.812921047210693,6.546586036682129,6.31851863861084
24-08-1999,6.221065044403076,6.434791088104248,156152621,6.78661584854126,6.253945827484131,6.036073684692383
25-08-1999,6.313130855560303,6.415061950683594,129144154,6.812921047210693,6.78661584854126,6.5501861572265625
26-08-1999,6.655093193054199,6.839225769042969,94971571,7.0233588218688965,6.757022857666016,6.521623611450195
27-08-1999,6.523569107055664,6.852377891540527,69571181,6.852377891540527,6.694550037384033,6.461328029632568
30-08-1999,6.204624176025391,6.694550037384033,81173664,6.7405829429626465,6.283538818359375,6.064634799957275
31-08-1999,6.09611701965332,6.405198097229004,183185798,6.625500202178955,6.605771064758301,6.375641822814941
01-09-1999,6.342723846435547,6.605771064758301,76469184,6.628787994384766,6.415061950683594,6.19157600402832
02-09-1999,6.168455123901367,6.194759845733643,83266445,6.563025951385498,6.388757228851318,6.1661882400512695
03-09-1999,6.602482795715332,6.641940116882324,106332653,7.049663066864014,7.0233588218688965,6.778681755065918
07-09-1999,6.8688178062438965,6.954308986663818,83076365,7.1614580154418945,7.039799213409424,6.794549942016602
08-09-1999,6.8918352127075195,6.9312920570373535,73496333,7.2535247802734375,7.089119911193848,6.842151641845703
09-09-1999,7.266676902770996,7.29626989364624,104308301,7.602062225341797,7.598773956298828,7.334051132202148
10-09-1999,7.832229137420654,7.838805198669434,171054893,8.364898681640625,8.31229019165039,8.022709846496582
13-09-1999,7.720434188842773,8.141308784484863,114308410,8.187341690063477,7.782907009124756,7.511768817901611
14-09-1999,7.733585834503174,7.733585834503174,101782138,8.200494766235352,8.154460906982422,7.87037992477417
15-09-1999,7.944024085998535,8.378050804138184,130569754,8.470117568969727,7.996633052825928,7.718049049377441
16-09-1999,7.667823791503906,7.9958109855651855,113070989,8.055818557739258,7.983480930328369,7.705355644226074
17-09-1999,7.266676902770996,7.556028842926025,166223059,7.759891033172607,7.417929172515869,7.1595072746276855
20-09-1999,6.855666160583496,7.266676902770996,99257875,7.289693832397461,7.154881954193115,6.905622959136963
21-09-1999,6.944444179534912,7.0233588218688965,134827546,7.569180965423584,7.398200988769531,7.14046573638916
22-09-1999,7.207491874694824,7.388336181640625,133915162,7.891414165496826,7.845380783081055,7.572066783905029
23-09-1999,7.250236988067627,7.983480930328369,156042374,8.177477836608887,7.273252964019775,7.019869327545166
24-09-1999,7.17789888381958,7.319286823272705,151714253,7.799347877502441,7.68426513671875,7.416563987731934
27-09-1999,7.246949195861816,7.799347877502441,112057862,7.835516929626465,7.299558162689209,7.045259475708008
28-09-1999,6.9839019775390625,7.345591068267822,110008800,7.496842861175537,7.260100841522217,7.007175922393799
29-09-1999,7.102272987365723,7.210780143737793,110126650,7.602062225341797,7.312709808349609,7.057953357696533
30-09-1999,7.365320205688477,7.615214824676514,110274912,7.8125,7.42121696472168,7.162679195404053
01-10-1999,7.181187152862549,7.457386016845703,51623827,7.526435852050781,7.271608829498291,7.018283367156982
04-10-1999,7.1614580154418945,7.273252964019775,59361984,7.431081771850586,7.325862884521484,7.070647716522217
05-10-1999,7.181187152862549,7.2633891105651855,104682758,7.562604904174805,7.427793979644775,7.169026851654053
06-10-1999,7.690841197967529,7.707281112670898,117851501,8.006497383117676,7.980193138122559,7.702182769775391
07-10-1999,7.855245113372803,8.16103744506836,115378560,8.279409408569336,7.8979902267456055,7.622843265533447
08-10-1999,7.717144966125488,7.904565811157227,57248294,8.022937774658203,7.9506001472473145,7.673620700836182
11-10-1999,7.842092990875244,7.947311878204346,36398419,8.10513973236084,7.878262042999268,7.603802680969238
12-10-1999,7.608637809753418,7.858532905578613,37375430,7.865108966827393,7.615214824676514,7.349919319152832
13-10-1999,7.194338798522949,7.509995937347412,78647501,7.82236385345459,7.207491874694824,6.956399917602539
14-10-1999,7.092408180236816,7.325862884521484,81285811,7.473826885223389,7.450809955596924,7.19124174118042
15-10-1999,6.997054100036621,7.102272987365723,70728768,7.29298210144043,7.056239128112793,6.8104166984558105
18-10-1999,6.5498738288879395,7.075967788696289,101683296,7.095696926116943,6.812921047210693,6.575575351715088
19-10-1999,6.944444179534912,7.082543849945068,73559059,7.1614580154418945,7.029934883117676,6.785028457641602
20-10-1999,7.141729831695557,7.207491874694824,80774496,7.680975914001465,7.6743998527526855,7.407042503356934
21-10-1999,7.332438945770264,7.4442338943481445,89096198,7.957176208496094,7.8125,7.5403313636779785
22-10-1999,7.470539093017578,7.851956844329834,69483744,8.052531242370605,7.503419876098633,7.242018699645996
25-10-1999,7.493555068969727,7.495199203491211,99746381,8.02951431274414,7.9374470710754395,7.660925388336182
26-10-1999,7.960464000701904,8.088699340820312,96058829,8.174189567565918,7.996633052825928,7.718049049377441
27-10-1999,7.052950859069824,7.339015007019043,241181107,7.493555068969727,7.29626989364624,7.042085647583008
28-10-1999,7.0233588218688965,7.246949195861816,88122989,7.358744144439697,7.164745807647705,6.915143966674805
29-10-1999,7.082543849945068,7.207491874694824,78729235,7.220643997192383,7.108849048614502,6.861193656921387
01-11-1999,7.102272987365723,7.12857723236084,61367328,7.312709808349609,7.207491874694824,6.956399917602539
02-11-1999,6.734006881713867,7.148305892944336,115650374,7.154881954193115,6.90498685836792,6.66443395614624
03-11-1999,6.641940116882324,6.977324962615967,75619526,6.990478038787842,6.684685230255127,6.451806545257568
04-11-1999,6.734006881713867,6.753735065460205,63239616,6.997054100036621,6.839225769042969,6.600963115692139
05-11-1999,6.8918352127075195,7.000341892242432,52137043,7.098985195159912,7.01020622253418,6.765987396240234
08-11-1999,6.951021194458008,6.964172840118408,76771411,7.378471851348877,7.207491874694824,6.956399917602539
09-11-1999,6.9839019775390625,7.325862884521484,40574477,7.332438945770264,7.095696926116943,6.848499298095703
10-11-1999,6.918139934539795,7.069392204284668,45470938,7.28640604019165,7.01349401473999,6.769160747528076
11-11-1999,6.8918352127075195,7.01349401473999,38770618,7.141729831695557,7.0036301612854,6.759640216827393
12-11-1999,6.8688178062438965,7.026647090911865,46390925,7.273252964019775,7.2009148597717285,6.950051307678223
15-11-1999,7.154881954193115,7.197627067565918,48618662,7.470539093017578,7.401488780975342,7.143639087677002
16-11-1999,7.312709808349609,7.398200988769531,65801894,7.707281112670898,7.69412899017334,7.426083564758301
17-11-1999,7.391624927520752,7.644806861877441,48367757,7.911142826080322,7.424505233764648,7.165853977203369
18-11-1999,7.470539093017578,7.483691215515137,73009728,8.101852416992188,8.009784698486328,7.730742931365967
19-11-1999,7.602062225341797,7.878262042999268,47544710,7.924294948577881,7.677688121795654,7.410216808319092
22-11-1999,7.608637809753418,7.648096084594727,94935456,8.355034828186035,8.118291854858398,7.835469722747803
23-11-1999,7.983480930328369,8.04924201965332,151839706,9.101430892944336,8.815366744995117,8.508260726928711
24-11-1999,8.808791160583496,8.877840995788574,94408934,9.453256607055664,9.443391799926758,9.11440658569336
26-11-1999,9.285564422607422,9.574915885925293,36162720,9.785353660583496,9.321733474731445,8.996987342834473
29-11-1999,8.900857925415039,9.397358894348145,70259270,9.469696998596191,8.923873901367188,8.612987518310547
30-11-1999,8.654251098632812,8.890993118286133,54492134,9.029092788696289,8.683843612670898,8.381319999694824
01-12-1999,8.207071304321289,8.262968063354492,61852032,8.673978805541992,8.417508125305176,8.124262809753418
02-12-1999,8.410931587219238,8.43066120147705,49257331,8.812079429626465,8.789063453674316,8.482874870300293
03-12-1999,8.917298316955566,8.937026977539062,98393011,9.542035102844238,9.403935432434082,9.076325416564941
06-12-1999,9.101430892944336,9.351325988769531,37573114,9.568340301513672,9.285564422607422,8.962078094482422
07-12-1999,8.542455673217773,9.295428276062012,101265120,9.377630233764648,8.61479377746582,8.31467342376709
08-12-1999,8.427372932434082,8.627945899963379,73802362,8.950179100036621,8.545743942260742,8.248030662536621
09-12-1999,8.305712699890137,8.746316909790039,70582406,8.943602561950684,8.45038890838623,8.155997276306152
10-12-1999,8.424084663391113,8.759469985961914,58926701,8.798927307128906,8.650962829589844,8.34958267211914
13-12-1999,8.44381332397461,8.670690536499023,44898797,8.946890830993652,8.49642276763916,8.20042610168457
14-12-1999,7.8979902267456055,8.499711036682129,53872474,8.552319526672363,7.92100715637207,7.645057678222656
15-12-1999,7.654672145843506,8.128156661987305,87980429,8.414219856262207,7.671112060546875,7.403869152069092
16-12-1999,7.559317111968994,7.970327854156494,59607187,8.167613983154297,7.838805198669434,7.565720558166504
17-12-1999,7.733585834503174,8.072258949279785,57208378,8.075547218322754,7.911142826080322,7.635538101196289
20-12-1999,7.786194801330566,7.884838104248047,51194246,8.134733200073242,7.842092990875244,7.568892955780029
21-12-1999,7.57575798034668,7.8125,50183021,8.101852416992188,7.595486164093018,7.330878257751465
22-12-1999,7.306134223937988,7.700705051422119,71230579,7.871685981750488,7.865108966827393,7.591107368469238
23-12-1999,7.483691215515137,7.970327854156494,32167238,7.993344783782959,7.486979007720947,7.226150989532471
27-12-1999,6.878683090209961,7.401488780975342,67993517,7.4146409034729,7.049663066864014,6.804069519042969
28-12-1999,6.852377891540527,6.921428203582764,66566016,7.549452781677246,7.358744144439697,7.102383136749268
29-12-1999,7.365320205688477,7.391624927520752,31378406,7.69412899017334,7.552741050720215,7.289621353149414
30-12-1999,6.997054100036621,7.569180965423584,37706170,7.713857173919678,7.098985195159912,6.851673126220703
31-12-1999,6.576178073883057,6.9707489013671875,44898797,6.997054100036621,6.586042881011963,6.356599807739258
03-01-2000,6.175032138824463,6.845801830291748,116192102,7.457386016845703,7.431081771850586,7.172200679779053
04-01-2000,6.681396961212158,7.12857723236084,80316403,7.368607997894287,6.734006881713867,6.499410152435303
05-01-2000,6.326283931732178,6.37889289855957,104891846,7.312709808349609,7.184474945068359,6.934184551239014
06-01-2000,6.862242221832275,7.046374797821045,104893747,7.753314018249512,7.095696926116943,6.848499298095703
07-01-2000,6.796480178833008,7.049663066864014,51260774,7.299558162689209,7.089119911193848,6.842151641845703
10-01-2000,7.365320205688477,7.42121696472168,59533056,7.667823791503906,7.483691215515137,7.222977161407471
11-01-2000,7.075967788696289,7.470539093017578,53849664,7.628366947174072,7.322575092315674,7.067473888397217
12-01-2000,6.816208839416504,7.240372180938721,50848301,7.319286823272705,6.858953952789307,6.620004653930664
13-01-2000,6.944444179534912,7.0233588218688965,45824486,7.279829978942871,7.250236988067627,6.997655868530273
14-01-2000,6.974037170410156,7.371895790100098,55461542,7.572469234466553,7.039799213409424,6.794549942016602
18-01-2000,6.89512300491333,6.898410797119141,42982790,7.381760120391846,7.339015007019043,7.083340644836426
19-01-2000,7.207491874694824,7.319286823272705,42939072,7.602062225341797,7.562604904174805,7.2991414070129395
20-01-2000,7.572469234466553,7.621790885925293,99018374,8.190629959106445,8.1478853225708,7.86403226852417
21-01-2000,7.845380783081055,8.062395095825195,54334368,8.351746559143066,7.917718887329102,7.641885280609131
24-01-2000,7.016781806945801,7.9374470710754395,65153722,7.944024085998535,7.1746110916137695,6.924664497375488
25-01-2000,7.036510944366455,7.319286823272705,86341939,7.628366947174072,7.233796119689941,6.98178768157959
26-01-2000,7.470539093017578,7.713857173919678,188994643,8.297492980957031,8.078834533691406,7.797386646270752
27-01-2000,7.805923938751221,7.917718887329102,61430054,8.134733200073242,8.098564147949219,7.816429138183594
28-01-2000,7.628366947174072,7.944024085998535,46461254,8.04924201965332,7.763178825378418,7.492729187011719
31-01-2000,7.628366947174072,7.680975914001465,38827642,8.02951431274414,7.894701957702637,7.619669437408447
01-02-2000,7.799347877502441,7.8125,27274579,8.075547218322754,7.94073486328125,7.664098739624023
02-02-2000,7.848669052124023,7.993344783782959,28956787,8.226799011230469,7.944024085998535,7.66727352142334
03-02-2000,8.101852416992188,8.167613983154297,82131667,8.752894401550293,8.680556297302246,8.37814712524414
04-02-2000,8.391203880310059,8.417508125305176,73792858,9.009364128112793,8.84167194366455,8.533647537231445
07-02-2000,8.618082046508789,8.700284004211426,32028480,9.022517204284668,8.920585632324219,8.60981273651123
08-02-2000,8.812079429626465,9.068550109863281,47362234,9.206649780273438,8.930450439453125,8.619336128234863
09-02-2000,8.483269691467285,8.890993118286133,33665069,8.894281387329102,8.627945899963379,8.32736873626709
10-02-2000,8.32544231414795,8.601640701293945,32497978,8.693708419799805,8.542455673217773,8.244856834411621
11-02-2000,7.983480930328369,8.56218433380127,22906541,8.575337409973145,8.068970680236816,7.787868499755859
14-02-2000,7.980193138122559,8.11500358581543,30281645,8.394492149353027,8.108428001403809,7.825949668884277
15-02-2000,7.57904577255249,8.02951431274414,49434106,8.128156661987305,7.8125,7.5403313636779785
16-02-2000,7.365320205688477,7.805923938751221,32832518,7.805923938751221,7.401488780975342,7.143639087677002
17-02-2000,7.398200988769531,7.437657833099365,43338240,7.648096084594727,7.641519069671631,7.375307083129883
18-02-2000,7.207491874694824,7.661248207092285,26474342,7.680975914001465,7.220643997192383,6.9690937995910645
22-02-2000,6.977324962615967,7.322575092315674,37599725,7.437657833099365,7.075967788696289,6.829458713531494
23-02-2000,7.325862884521484,7.352168083190918,80787802,8.31229019165039,8.151172637939453,7.86720609664917
24-02-2000,7.911142826080322,8.101852416992188,61507987,8.627945899963379,8.627945899963379,8.32736873626709
25-02-2000,7.891414165496826,8.535880088806152,32745082,8.588488578796387,7.934158802032471,7.65775203704834
28-02-2000,7.516571998596191,7.782907009124756,45594490,7.92100715637207,7.631655216217041,7.365787029266357
29-02-2000,7.28640604019165,7.6875529289245605,30705523,7.825652122497559,7.542877197265625,7.2801008224487305
01-03-2000,7.654672145843506,7.782907009124756,57881261,8.177477836608887,7.851956844329834,7.578413486480713
02-03-2000,7.618503093719482,7.750026226043701,23434963,8.075547218322754,7.8979902267456055,7.622843265533447
03-03-2000,7.57575798034668,7.911142826080322,20302445,8.078834533691406,7.865108966827393,7.591107368469238
06-03-2000,7.858532905578613,7.878262042999268,53473306,8.680556297302246,8.499711036682129,8.20359992980957
07-03-2000,8.45038890838623,8.739741325378418,45957542,8.85153579711914,8.565471649169922,8.267068862915039
08-03-2000,8.364898681640625,8.62465763092041,88556371,9.732744216918945,9.680134773254395,9.342902183532715
09-03-2000,9.206649780273438,9.515729904174805,66356928,9.673559188842773,9.601221084594727,9.26673698425293
10-03-2000,9.351325988769531,9.436816215515137,96406675,10.712594985961914,10.16677188873291,9.81258487701416
13-03-2000,9.515729904174805,9.683423042297363,118879834,11.679292678833008,11.03482723236084,10.650399208068848
14-03-2000,10.995369911193848,11.399805068969727,67465094,11.810815811157227,11.10058879852295,10.71387004852295
15-03-2000,9.759049415588379,11.429397583007812,82553645,11.429397583007812,9.970309257507324,9.622966766357422
16-03-2000,9.693286895751953,10.064841270446777,92952922,11.574073791503906,11.547768592834473,11.145471572875977
17-03-2000,11.10058879852295,11.449127197265625,42836429,11.781224250793457,11.518177032470703,11.116911888122559
20-03-2000,10.258837699890137,11.551056861877441,53800243,11.551056861877441,10.318023681640625,9.958569526672363
21-03-2000,9.9957914352417,10.314736366271973,51817709,11.363636016845703,11.284722328186035,10.891589164733887
22-03-2000,10.995369911193848,11.153199195861816,74627309,12.63941478729248,12.23826789855957,11.81191635131836
23-03-2000,11.745055198669434,12.096879959106445,56345414,12.573653221130371,11.761494636535645,11.351752281188965
24-03-2000,11.958781242370605,12.11003303527832,78854688,13.139204978942871,12.823548316955566,12.376805305480957
27-03-2000,12.405961036682129,12.62955093383789,48873370,13.415404319763184,12.616397857666016,12.176870346069336
28-03-2000,11.731902122497559,12.731480598449707,47383142,12.99535083770752,11.77464771270752,11.364447593688965
29-03-2000,10.416666984558105,11.712174415588379,72103046,11.77135944366455,10.469276428222656,10.104552268981934
30-03-2000,10.1010103225708,10.258837699890137,64509350,11.018386840820312,10.896727561950684,10.517111778259277
31-03-2000,9.200074195861816,10.571207046508789,131387098,10.627103805541992,9.259259223937988,8.936687469482422
03-04-2000,7.483691215515137,9.423664093017578,121061952,9.614373207092285,7.536301136016846,7.273755073547363
04-04-2000,6.90498685836792,7.805923938751221,158562835,8.996212005615234,8.785774230957031,8.479697227478027
05-04-2000,8.20378303527832,8.502999305725098,78987744,9.877420425415039,8.729877471923828,8.425749778747559
06-04-2000,8.910721778869629,9.006075859069824,108284774,9.601221084594727,9.574915885925293,9.241350173950195
07-04-2000,9.219801902770996,9.41708755493164,59808672,9.706439018249512,9.515729904174805,9.184225082397461
10-04-2000,8.154460906982422,9.410511016845703,72142963,9.410511016845703,8.190629959106445,7.905288219451904
11-04-2000,8.04924201965332,8.128156661987305,80641440,8.680556297302246,8.184054374694824,7.8989410400390625
12-04-2000,7.490266799926758,8.260501861572266,71684870,8.404356002807617,7.542877197265625,7.2801008224487305
13-04-2000,7.260100841522217,7.878262042999268,88786368,8.272831916809082,7.3028459548950195,7.048432350158691
14-04-2000,7.029934883117676,7.299558162689209,137591309,7.641519069671631,7.3423027992248535,7.086513996124268
17-04-2000,6.944444179534912,6.957596778869629,104355821,7.733585834503174,7.536301136016846,7.273755073547363
18-04-2000,7.503419876098633,7.50917387008667,62477395,8.575337409973145,8.572049140930176,8.273419380187988
19-04-2000,7.891414165496826,8.417508125305176,52865050,8.627945899963379,7.907855033874512,7.632364273071289
20-04-2000,7.490266799926758,8.09527587890625,37223366,8.200494766235352,7.904565811157227,7.6291890144348145
24-04-2000,6.61234712600708,7.730298042297363,53819251,7.759891033172607,7.463963031768799,7.203936576843262
25-04-2000,7.398200988769531,7.52972412109375,93909024,8.20378303527832,8.078834533691406,7.797386646270752
26-04-2000,7.786194801330566,8.476694107055664,120961210,8.486557960510254,7.851956844329834,7.578413486480713
27-04-2000,7.52972412109375,7.634943008422852,72620064,8.618082046508789,8.519438743591309,8.222640991210938
28-04-2000,8.2235107421875,8.516151428222656,56408141,8.575337409973145,8.374762535095215,8.083005905151367
01-05-2000,8.075547218322754,8.384628295898438,44410291,8.391203880310059,8.187341690063477,7.902115345001221
02-05-2000,7.536301136016846,8.082122802734375,37835424,8.101852416992188,7.542877197265625,7.2801008224487305
03-05-2000,7.095696926116943,7.536301136016846,48483706,7.69412899017334,7.365320205688477,7.108730316162109
04-05-2000,7.01020622253418,7.457386016845703,58010515,7.648096084594727,7.204203128814697,6.953226089477539
05-05-2000,6.924715995788574,7.135153770446777,56560205,7.312709808349609,7.049663066864014,6.804069519042969
08-05-2000,6.734006881713867,6.957596778869629,28707782,7.102272987365723,6.760311126708984,6.5247979164123535
09-05-2000,6.165166854858398,6.819497108459473,62082029,6.839225769042969,6.37560510635376,6.153493881225586
10-05-2000,5.790325164794922,6.230928897857666,72677088,6.365740776062012,5.839645862579346,5.636207103729248
11-05-2000,5.918560981750488,6.020491123199463,57025901,6.299979209899902,6.194759845733643,5.978949069976807
12-05-2000,6.2276411056518555,6.26052188873291,40688525,6.5498738288879395,6.382181167602539,6.159841537475586
15-05-2000,6.069812774658203,6.352588176727295,32600621,6.730719089508057,6.707702159881592,6.474021911621094
16-05-2000,6.681396961212158,6.720853805541992,65718259,7.260100841522217,7.095696926116943,6.848499298095703
17-05-2000,6.641940116882324,6.90498685836792,37115021,7.016781806945801,6.7405829429626465,6.505756855010986
18-05-2000,6.523569107055664,6.812921047210693,34157376,6.937868118286133,6.526856899261475,6.299478054046631
19-05-2000,6.09611701965332,6.346012115478516,33722093,6.490687847137451,6.217776775360107,6.001164436340332
22-05-2000,5.760732173919678,6.2670979499816895,91103443,7.348878860473633,7.164745807647705,6.915143966674805
23-05-2000,6.09611701965332,6.918139934539795,97720128,7.049663066864014,6.102694034576416,5.890089988708496
24-05-2000,5.971169948577881,6.14215087890625,99406138,6.89512300491333,6.835937976837158,6.597790241241455
25-05-2000,6.365740776062012,6.8918352127075195,41037322,7.102272987365723,6.365740776062012,6.1439738273620605
26-05-2000,6.155303001403809,6.477536201477051,19943194,6.681396961212158,6.516993045806885,6.289957046508789
30-05-2000,6.681396961212158,6.720853805541992,25800509,7.062816143035889,7.051307201385498,6.805656433105469
31-05-2000,6.576178073883057,6.9986982345581055,24047021,7.181187152862549,6.582755088806152,6.353427410125732
01-06-2000,6.6879730224609375,6.747159004211426,39836966,7.246949195861816,7.089119911193848,6.842151641845703
02-06-2000,7.431081771850586,7.562604904174805,47443968,8.128156661987305,8.121580123901367,7.8386430740356445
05-06-2000,7.746737957000732,7.865108966827393,36101894,8.345170021057129,7.9374470710754395,7.660925388336182
06-06-2000,7.556028842926025,7.970327854156494,27961718,8.075547218322754,7.556028842926025,7.2927961349487305
07-06-2000,7.154881954193115,7.496842861175537,31277664,7.957176208496094,7.957176208496094,7.679966926574707
08-06-2000,7.470539093017578,7.990056991577148,20769091,7.996633052825928,7.542877197265625,7.2801008224487305
09-06-2000,7.503419876098633,7.753314018249512,21223382,7.838805198669434,7.700705051422119,7.432430744171143
12-06-2000,6.997054100036621,7.707281112670898,37085558,7.707281112670898,7.029934883117676,6.785028457641602
13-06-2000,6.773464202880859,7.12857723236084,22316342,7.2140679359436035,7.154881954193115,6.905622959136963
14-06-2000,6.576178073883057,7.115425109863281,43629062,7.115425109863281,6.602482795715332,6.372467517852783
15-06-2000,6.589331150054932,6.714278221130371,27410486,6.865530014038086,6.7405829429626465,6.505756855010986
16-06-2000,6.313130855560303,6.753735065460205,33910272,6.753735065460205,6.431502819061279,6.207444667816162
19-06-2000,6.207911968231201,6.38546895980835,22615718,6.431502819061279,6.299979209899902,6.080503463745117
20-06-2000,6.4709601402282715,6.5498738288879395,32274634,6.90498685836792,6.556449890136719,6.328038692474365
21-06-2000,6.392045021057129,6.5104169845581055,14853802,6.523569107055664,6.4972639083862305,6.270914554595947
22-06-2000,6.056660175323486,6.536721229553223,48765974,6.5498738288879395,6.122422218322754,5.9091315269470215
23-06-2000,5.2609429359436035,5.813342094421387,113492016,5.819918155670166,5.668665885925293,5.4711833000183105
26-06-2000,5.418770790100098,5.694971084594727,35925120,5.819918155670166,5.517414093017578,5.325200080871582
27-06-2000,5.313551902770996,5.412195205688477,59284051,5.62263298034668,5.517414093017578,5.325200080871582
28-06-2000,5.287247180938721,5.438499927520752,37135930,5.754156112670898,5.471380233764648,5.280770301818848
29-06-2000,5.109691143035889,5.366161823272705,54347674,5.62263298034668,5.438499927520752,5.249035835266113
30-06-2000,5.431922912597656,5.523990154266357,27052186,5.7344279289245605,5.714698791503906,5.5156121253967285
03-07-2000,5.537141799926758,5.681818008422852,11518848,5.701547145843506,5.556870937347412,5.363283157348633
05-07-2000,5.313551902770996,5.418770790100098,23653555,5.445075988769531,5.320127964019775,5.134787559509277
06-07-2000,5.267518997192383,5.353009223937988,26732851,5.445075988769531,5.366161823272705,5.179217338562012
07-07-2000,5.122842788696289,5.359584808349609,17833306,5.392466068267822,5.234638214111328,5.052276134490967
10-07-2000,4.997896194458008,5.254366874694824,37102666,5.33328104019165,5.05708122253418,4.880904674530029
11-07-2000,4.577020168304443,4.93213415145874,65975818,4.945285797119141,4.623053073883057,4.461997032165527
12-07-2000,4.853219985961914,5.089962005615234,93350189,5.708123207092285,5.537141799926758,5.344241142272949
13-07-2000,5.379313945770264,5.57659912109375,56834870,5.7344279289245605,5.62263298034668,5.426754474639893
14-07-2000,6.089540958404541,6.1733880043029785,73061050,6.516993045806885,6.438078880310059,6.213791847229004
17-07-2000,6.102694034576416,6.365740776062012,45208627,6.602482795715332,6.332859992980957,6.112237930297852
18-07-2000,6.050084114074707,6.211201190948486,26446781,6.4578070640563965,6.050084114074707,5.839313983917236
19-07-2000,5.892255783081055,6.082964897155762,17146166,6.181608200073242,5.9843220710754395,5.775842666625977
20-07-2000,5.9843220710754395,6.050084114074707,36794736,6.4709601402282715,6.4183502197265625,6.19474983215332
21-07-2000,6.050084114074707,6.313130855560303,23577523,6.365740776062012,6.181608200073242,5.966255187988281
24-07-2000,5.793612957000732,6.201335906982422,22325846,6.247369766235352,5.800189018249512,5.598124027252197
25-07-2000,5.497684955596924,5.938289165496826,38617603,6.023778915405273,5.918560981750488,5.712372303009033
26-07-2000,5.287247180938721,5.931713104248047,70535837,5.9974751472473145,5.543717861175537,5.350588321685791
27-07-2000,5.129418849945068,5.418770790100098,35585827,5.418770790100098,5.228062152862549,5.045928955078125
28-07-2000,4.866372108459473,5.287247180938721,25885094,5.405619144439697,4.93213415145874,4.760310649871826
31-07-2000,4.741425037384033,5.0505051612854,32077901,5.2609429359436035,5.2609429359436035,5.077664375305176
01-08-2000,5.037353038787842,5.267518997192383,18191606,5.274095058441162,5.109691143035889,4.931682109832764
02-08-2000,5.043929100036621,5.089962005615234,21644410,5.399043083190918,5.142571926116943,4.963417053222656
03-08-2000,4.840066909790039,5.025844097137451,24581146,5.3003997802734375,5.2609429359436035,5.077664375305176
04-08-2000,5.288891792297363,5.382602214813232,14381453,5.57659912109375,5.33985710144043,5.153829097747803
07-08-2000,5.037353038787842,5.043929100036621,29297030,5.392466068267822,5.2609429359436035,5.077664375305176
08-08-2000,5.201756954193115,5.2083330154418945,15079046,5.3003997802734375,5.287247180938721,5.103052139282227
09-08-2000,5.116267204284668,5.399043083190918,21808829,5.425346851348877,5.254366874694824,5.071316719055176
10-08-2000,5.024199962615967,5.2214860916137695,17257363,5.2609429359436035,5.142571926116943,4.963417053222656
11-08-2000,4.965014934539795,5.037353038787842,20606573,5.116267204284668,5.103114128112793,4.925334453582764
14-08-2000,4.925558090209961,4.925558090209961,32494176,5.2083330154418945,5.0702338218688965,4.893599510192871
15-08-2000,5.0505051612854,5.05708122253418,33011194,5.629209041595459,5.45822811126709,5.2680768966674805
16-08-2000,5.504261016845703,5.517414093017578,85738435,6.4183502197265625,6.050084114074707,5.839313983917236
17-08-2000,5.97774600982666,5.9843220710754395,69864854,6.720853805541992,6.635364055633545,6.404203414916992
18-08-2000,5.668665885925293,6.799768924713135,85568314,7.2009148597717285,5.787036895751953,5.585431098937988
21-08-2000,5.814986228942871,5.938289165496826,32549299,6.063237190246582,5.905407905578613,5.699676990509033
22-08-2000,5.9448652267456055,5.971169948577881,30239827,6.194759845733643,5.971169948577881,5.763148784637451
23-08-2000,5.787036895751953,5.9843220710754395,24943248,6.214488983154297,6.082964897155762,5.871049404144287
24-08-2000,6.188183784484863,6.214488983154297,44472067,6.5498738288879395,6.4578070640563965,6.232832908630371
25-08-2000,6.392045021057129,6.563025951385498,19100189,6.674820899963379,6.54329776763916,6.31534481048584
28-08-2000,6.4183502197265625,6.523569107055664,18745690,6.6682448387146,6.622211933135986,6.391510009765625
29-08-2000,6.392045021057129,6.5498738288879395,12376109,6.628787994384766,6.431502819061279,6.207444667816162
30-08-2000,6.26052188873291,6.372316837310791,17510170,6.536721229553223,6.424925804138184,6.201096534729004
31-08-2000,6.431502819061279,6.444654941558838,16741296,6.615635871887207,6.523569107055664,6.296303749084473
01-09-2000,6.4709601402282715,6.628787994384766,17280173,6.707702159881592,6.615635871887207,6.385162353515625
05-09-2000,6.589331150054932,6.602482795715332,75455107,7.2535247802734375,7.102272987365723,6.854846954345703
06-09-2000,6.819497108459473,7.12857723236084,53938051,7.187763214111328,6.90498685836792,6.66443395614624
07-09-2000,6.681396961212158,6.944444179534912,23110877,7.075967788696289,7.01020622253418,6.765987396240234
08-09-2000,6.812921047210693,6.957596778869629,24678086,7.102272987365723,6.92307186126709,6.681889057159424
11-09-2000,6.747159004211426,6.832649230957031,13190602,7.095696926116943,6.812921047210693,6.575575351715088
12-09-2000,6.4972639083862305,6.811276912689209,21678624,6.88525915145874,6.54329776763916,6.31534481048584
13-09-2000,6.299979209899902,6.398622035980225,18322762,6.694550037384033,6.576178073883057,6.347079753875732
14-09-2000,6.784972190856934,6.78661584854126,42243379,7.312709808349609,7.2009148597717285,6.950051307678223
15-09-2000,6.90498685836792,7.187763214111328,32456160,7.207491874694824,7.095696926116943,6.848499298095703
18-09-2000,6.852377891540527,7.016781806945801,31581792,7.358744144439697,6.951021194458008,6.708864688873291
19-09-2000,6.6682448387146,7.1220011711120605,34590758,7.299558162689209,6.911563873291016,6.67078161239624
20-09-2000,6.951021194458008,6.990478038787842,130543142,8.16103744506836,8.055818557739258,7.775172710418701
21-09-2000,7.319286823272705,7.6743998527526855,70774387,7.733585834503174,7.490266799926758,7.229323863983154
22-09-2000,7.16803503036499,7.187763214111328,32818262,7.602062225341797,7.56096076965332,7.297555446624756
25-09-2000,7.417929172515869,7.595486164093018,28666915,7.924294948577881,7.615214824676514,7.349919319152832
26-09-2000,7.424505233764648,7.805923938751221,32005670,7.996633052825928,7.437657833099365,7.178547382354736
27-09-2000,6.595907211303711,7.477115154266357,47596032,7.483691215515137,6.681396961212158,6.448633193969727
28-09-2000,6.747159004211426,6.76688814163208,39710563,7.365320205688477,7.273252964019775,7.019869327545166
29-09-2000,7.062816143035889,7.148305892944336,20824214,7.299558162689209,7.227220058441162,6.975440979003906
02-10-2000,6.681396961212158,7.365320205688477,28444522,7.391624927520752,7.036510944366455,6.791375637054443
03-10-2000,6.5104169845581055,7.141729831695557,23618390,7.273252964019775,6.523569107055664,6.296303749084473
04-10-2000,6.214488983154297,6.4578070640563965,24790234,6.951021194458008,6.799768924713135,6.5628814697265625
05-10-2000,6.576178073883057,6.6879730224609375,19289318,7.089119911193848,6.720853805541992,6.486715316772461
06-10-2000,5.800189018249512,6.727430820465088,46986826,6.799768924713135,6.253945827484131,6.036073684692383
09-10-2000,5.635785102844238,6.194759845733643,33696432,6.615635871887207,6.411774158477783,6.1884026527404785
10-10-2000,5.918560981750488,6.359165191650391,26503805,6.54329776763916,6.09611701965332,5.8837432861328125
11-10-2000,5.366161823272705,5.648937225341797,41966813,5.916916847229004,5.57659912109375,5.382323265075684
12-10-2000,5.366161823272705,5.747580051422119,43401917,5.9843220710754395,5.379313945770264,5.191911220550537
13-10-2000,5.3003997802734375,5.313551902770996,33410362,5.892255783081055,5.879104137420654,5.674290180206299
16-10-2000,5.497684955596924,5.74100399017334,38079677,6.451231002807617,6.273674011230469,6.055113792419434
17-10-2000,5.418770790100098,6.456162929534912,47735741,6.4972639083862305,5.550294876098633,5.356935501098633
18-10-2000,4.774305820465088,5.096538066864014,68081904,5.958017826080322,5.616055965423584,5.420406341552734
19-10-2000,5.655512809753418,5.9974751472473145,51587712,6.339436054229736,6.017202854156494,5.807577610015869
20-10-2000,6.023778915405273,6.982256889343262,167615395,6.997054100036621,6.109270095825195,5.896437644958496
23-10-2000,5.892255783081055,6.082964897155762,41304384,6.444654941558838,6.2670979499816895,6.048768043518066
24-10-2000,5.681818008422852,6.017202854156494,67107744,6.023778915405273,5.688394069671631,5.490223407745361
25-10-2000,5.405619144439697,5.875814914703369,62174218,6.036931991577148,5.688394069671631,5.490223407745361
26-10-2000,5.155724048614502,5.7344279289245605,48813494,5.846222877502441,5.523990154266357,5.331547737121582
27-10-2000,5.280671119689941,5.570023059844971,33108134,5.819918155670166,5.405619144439697,5.2173004150390625
30-10-2000,5.05708122253418,5.438499927520752,34090848,5.510838031768799,5.182028770446777,5.001498699188232
31-10-2000,5.129418849945068,5.254366874694824,74857306,5.523990154266357,5.418770790100098,5.22999382019043
01-11-2000,5.372737884521484,5.379313945770264,71615491,5.9974751472473145,5.683462142944336,5.485463619232178
02-11-2000,5.7344279289245605,5.787036895751953,45110736,6.102694034576416,6.043508052825928,5.8329668045043945
03-11-2000,5.589752197265625,6.043508052825928,42949526,6.201335906982422,5.767309188842773,5.566389560699463
06-11-2000,5.655512809753418,5.767309188842773,30243629,6.010626792907715,5.7212748527526855,5.5219597816467285
07-11-2000,5.484532833099365,5.708123207092285,28946333,5.9974751472473145,5.964593887329102,5.756801605224609
08-11-2000,5.346433162689209,5.905407905578613,37833523,6.09611701965332,5.431922912597656,5.242688179016113
09-11-2000,4.866372108459473,5.2477898597717285,40820630,5.326704978942871,5.122842788696289,4.9443745613098145
10-11-2000,4.840066909790039,5.053792953491211,31767120,5.33985710144043,4.846643924713135,4.677798271179199
13-11-2000,4.471800804138184,4.7348480224609375,55741910,4.7874579429626465,4.511258125305176,4.354097366333008
14-11-2000,4.530986785888672,4.7348480224609375,38370499,5.024199962615967,5.0176239013671875,4.842822074890137
15-11-2000,4.754577159881592,4.9387102127075195,23156496,5.162300109863281,4.820339202880859,4.652409553527832
16-11-2000,4.511258125305176,4.728271961212158,30884198,4.991319179534912,4.511258125305176,4.354097366333008
17-11-2000,4.267940044403076,4.530986785888672,39957667,4.629630088806152,4.570444107055664,4.411220550537109
20-11-2000,3.551136016845703,3.873368978500366,100527610,3.9128260612487793,3.6300508975982666,3.5035884380340576
21-11-2000,3.2354800701141357,3.735269069671631,59233680,3.78787899017334,3.320970058441162,3.205275297164917
22-11-2000,3.0776519775390625,3.314393997192383,72763574,3.7089650630950928,3.4590699672698975,3.338564157485962
24-11-2000,3.564289093017578,3.6695079803466797,32614877,3.9194018840789795,3.886521100997925,3.7511239051818848
27-11-2000,3.8799450397491455,4.018044948577881,45408211,4.090383052825928,4.018044948577881,3.878065824508667
28-11-2000,3.7484219074249268,3.9325549602508545,41803344,3.990096092224121,3.7911670207977295,3.6590917110443115
29-11-2000,3.590593099594116,3.78787899017334,44207856,3.945707082748413,3.90625,3.7701656818389893
30-11-2000,3.2552080154418945,3.7615740299224854,39444451,3.827336072921753,3.6103219985961914,3.4845468997955322
01-12-2000,3.564289093017578,3.676084041595459,58766083,3.9522829055786133,3.6563549041748047,3.5289766788482666
04-12-2000,3.2354800701141357,3.597170114517212,42383088,3.597170114517212,3.399883985519409,3.281440258026123
05-12-2000,3.2880890369415283,3.557713031768799,71139341,4.169297218322754,4.156145095825195,4.011354923248291
06-12-2000,3.7089650630950928,4.011468887329102,43243200,4.156145095825195,3.8207600116729736,3.6876540184020996
07-12-2000,3.472222089767456,3.6958119869232178,35389094,3.8240480422973633,3.6826601028442383,3.5543651580810547
08-12-2000,3.8930981159210205,3.9522829055786133,52141795,4.202178001403809,4.064077854156494,3.922494888305664
11-12-2000,3.945707082748413,4.064077854156494,38114842,4.577020168304443,4.577020168304443,4.417567729949951
12-12-2000,4.182448863983154,4.4652252197265625,30139085,4.721695899963379,4.30739688873291,4.157336711883545
13-12-2000,4.110112190246582,4.452073097229004,26585539,4.471800804138184,4.129839897155762,3.985966920852661
14-12-2000,3.827336072921753,4.123263835906982,24375859,4.235058784484863,3.8930981159210205,3.757471799850464
15-12-2000,3.6826601028442383,3.8602170944213867,47145542,4.327125072479248,3.9983160495758057,3.8590240478515625
18-12-2000,3.8930981159210205,3.985163927078247,26800330,4.149569034576416,4.0311970710754395,3.8907599449157715
19-12-2000,3.39330792427063,3.9654359817504883,47026742,3.9720120429992676,3.399883985519409,3.281440258026123
20-12-2000,2.8146040439605713,3.2157509326934814,57434573,3.3670029640197754,2.939552068710327,2.8371450901031494
21-12-2000,2.847485065460205,2.926398992538452,52211174,3.4656460285186768,2.9921610355377197,2.8879213333129883
22-12-2000,3.1565659046173096,3.1565659046173096,39452054,3.702388048171997,3.6826601028442383,3.5543651580810547
26-12-2000,3.5314080715179443,3.78787899017334,27653789,3.925978899002075,3.6497790813446045,3.522629737854004
27-12-2000,3.4261889457702637,3.7089650630950928,23083315,3.8010311126708984,3.7089650630950928,3.579754114151001
28-12-2000,3.6958119869232178,3.7089650630950928,31764269,4.103535175323486,3.978588104248047,3.8399834632873535
29-12-2000,3.432765007019043,3.978588104248047,34678195,4.02462100982666,3.472222089767456,3.3512582778930664
02-01-2001,3.0250420570373535,3.544559955596924,43383859,3.603745937347412,3.1762940883636475,3.0656399726867676
03-01-2001,3.1039559841156006,3.1039559841156006,65531981,4.156145095825195,4.141347885131836,3.9970734119415283
04-01-2001,3.6497790813446045,3.9194018840789795,52275802,4.14299201965332,3.7221169471740723,3.59244704246521
05-01-2001,3.2091751098632812,3.774725914001465,58458154,3.78787899017334,3.2157509326934814,3.103721857070923
08-01-2001,2.9921610355377197,3.2617850303649902,76336128,3.2880890369415283,3.2223269939422607,3.1100683212280273
09-01-2001,3.2880890369415283,3.353851079940796,46161878,3.6826601028442383,3.51167893409729,3.389340400695801
10-01-2001,3.3472750186920166,3.399883985519409,65674541,4.156145095825195,4.136415958404541,3.9923129081726074
11-01-2001,3.78787899017334,3.886521100997925,72218045,4.452073097229004,4.30739688873291,4.157336711883545
12-01-2001,4.096959114074707,4.43234395980835,51584861,4.458649158477783,4.215330123901367,4.068478107452393
16-01-2001,4.195601940155029,4.202178001403809,48161520,4.682239055633545,4.609900951385498,4.4493021965026855
17-01-2001,4.491529941558838,4.840066909790039,85639594,5.011047840118408,4.55071496963501,4.392179012298584
18-01-2001,4.484953880310059,4.6953911781311035,90686218,4.984743118286133,4.93213415145874,4.760310649871826
19-01-2001,5.05708122253418,5.7344279289245605,157235126,5.767309188842773,5.274095058441162,5.090357780456543
22-01-2001,5.142571926116943,5.33328104019165,60498662,5.589752197265625,5.201756954193115,5.020540714263916
23-01-2001,5.129418849945068,5.182028770446777,61181050,5.550294876098633,5.510838031768799,5.318854331970215
24-01-2001,5.4911088943481445,5.497684955596924,62977306,5.800189018249512,5.7212748527526855,5.5219597816467285
25-01-2001,5.2214860916137695,5.7738847732543945,46845216,5.800189018249512,5.241213798522949,5.058623313903809
26-01-2001,5.004471778869629,5.0702338218688965,46176134,5.372737884521484,5.2477898597717285,5.064969539642334
29-01-2001,5.2609429359436035,5.346433162689209,42812669,5.556870937347412,5.504261016845703,5.31250524520874
30-01-2001,5.399043083190918,5.57659912109375,33959693,5.602903842926025,5.596327781677246,5.401364803314209
31-01-2001,5.1688761711120605,5.563446998596191,38265005,5.629209041595459,5.195180892944336,5.014193534851074
01-02-2001,4.984743118286133,5.188604831695557,36812794,5.2609429359436035,5.076809883117676,4.8999457359313965
02-02-2001,4.780881881713867,5.149147987365723,37321258,5.155724048614502,4.864727973937988,4.695251941680908
05-02-2001,4.511258125305176,4.800610065460205,40064112,4.997896194458008,4.912405014038086,4.741268157958984
06-02-2001,4.6953911781311035,4.800610065460205,33511104,4.945285797119141,4.93213415145874,4.760310649871826
07-02-2001,4.682239055633545,4.840066909790039,28875053,4.881167888641357,4.859796047210693,4.690492153167725
08-02-2001,4.853219985961914,4.925558090209961,29277072,5.142571926116943,4.958438873291016,4.785698890686035
09-02-2001,4.491529941558838,4.892676830291748,30952627,4.958438873291016,4.688815116882324,4.525467872619629
12-02-2001,4.682239055633545,4.688815116882324,28379894,5.096538066864014,4.965014934539795,4.792046546936035
13-02-2001,4.984743118286133,5.101469993591309,46216051,5.326704978942871,4.991319179534912,4.8174333572387695
14-02-2001,5.0176239013671875,5.038997173309326,51551597,5.366161823272705,5.280671119689941,5.096704959869385
15-02-2001,5.287247180938721,5.344789028167725,40134442,5.583176136016846,5.313551902770996,5.1284403800964355
16-02-2001,4.971590995788574,4.971590995788574,34958563,5.280671119689941,5.129418849945068,4.9507222175598145
20-02-2001,4.655933856964111,5.155724048614502,37551254,5.17545223236084,4.688815116882324,4.525467872619629
21-02-2001,4.537562847137451,4.5392069816589355,42399245,4.905828952789307,4.807186126708984,4.639715194702148
22-02-2001,4.392887115478516,4.854864120483398,52780464,4.945285797119141,4.688815116882324,4.525467872619629
23-02-2001,4.241634845733643,4.577020168304443,55906330,4.6953911781311035,4.675662994384766,4.5127739906311035
26-02-2001,4.379734992980957,4.6953911781311035,38513059,4.794034004211426,4.774305820465088,4.607980251312256
27-02-2001,4.399463176727295,4.81376314163208,39274330,4.866372108459473,4.43234395980835,4.277931213378906
28-02-2001,3.8799450397491455,4.42576789855957,56361571,4.649357795715332,4.032841205596924,3.8923466205596924
01-03-2001,3.5774409770965576,3.9588589668273926,77756026,4.180805206298828,3.945707082748413,3.8082480430603027
02-03-2001,3.6958119869232178,3.8404879570007324,52684474,4.235058784484863,3.9654359817504883,3.827289581298828
05-03-2001,3.9325549602508545,4.116687774658203,26198726,4.169297218322754,3.9983160495758057,3.8590240478515625
06-03-2001,4.195601940155029,4.195601940155029,46198944,4.511258125305176,4.241634845733643,4.09386682510376
07-03-2001,4.103535175323486,4.386311054229736,100591286,4.7151198387146,4.471800804138184,4.316014766693115
08-03-2001,4.050926208496094,4.386311054229736,49234522,4.419191837310791,4.116687774658203,3.973271608352661
09-03-2001,3.5379838943481445,3.8141839504241943,68163638,3.8141839504241943,3.5774409770965576,3.4528114795684814
12-03-2001,3.281512975692749,3.5264759063720703,73973434,3.5774409770965576,3.320970058441162,3.205275297164917
13-03-2001,3.3078179359436035,3.51167893409729,52128490,3.6300508975982666,3.623473882675171,3.4972410202026367
14-03-2001,3.3275458812713623,3.3275458812713623,40986000,3.6695079803466797,3.590593099594116,3.465505361557007
15-03-2001,3.5774409770965576,3.7665059566497803,49893149,3.8404879570007324,3.643203020095825,3.516282558441162
16-03-2001,3.3275458812713623,3.5708649158477783,44910202,3.715540885925293,3.4196128845214844,3.3004815578460693
19-03-2001,3.360426902770996,3.4393410682678223,46114358,3.925978899002075,3.8996739387512207,3.7638185024261475
20-03-2001,3.7089650630950928,3.90625,58429642,4.090383052825928,3.715540885925293,3.5861003398895264
21-03-2001,3.3801560401916504,3.774725914001465,62541072,3.9194018840789795,3.3801560401916504,3.262399435043335
22-03-2001,3.3406989574432373,3.413037061691284,47870698,3.8930981159210205,3.8536410331726074,3.7193892002105713
23-03-2001,3.7813029289245605,3.985163927078247,45153504,4.103535175323486,3.9128260612487793,3.776512384414673
26-03-2001,3.939131021499634,3.985163927078247,51548746,4.30739688873291,4.0443501472473145,3.9034547805786133
27-03-2001,3.9194018840789795,4.037774085998535,34131715,4.261363983154297,4.208754062652588,4.062131404876709
28-03-2001,3.754997968673706,4.057501792907715,39528086,4.156145095825195,3.8076069355010986,3.674959182739258
29-03-2001,3.544559955596924,3.7089650630950928,41606611,3.8799450397491455,3.590593099594116,3.465505361557007
30-03-2001,3.636626958847046,3.643203020095825,44713469,4.02462100982666,3.8076069355010986,3.674959182739258
02-04-2001,3.6695079803466797,3.8141839504241943,42066605,3.9720120429992676,3.715540885925293,3.5861003398895264
03-04-2001,3.1762940883636475,3.6563549041748047,75541594,3.7089650630950928,3.2289040088653564,3.1164169311523438
04-04-2001,3.0776519775390625,3.2289040088653564,72915638,3.3801560401916504,3.1960229873657227,3.084681272506714
05-04-2001,3.5314080715179443,3.590593099594116,64821082,3.7089650630950928,3.662930965423584,3.53532338142395
06-04-2001,3.432765007019043,3.5823729038238525,54858038,3.8207600116729736,3.735269069671631,3.6051411628723145
09-04-2001,3.861531972885132,3.979377031326294,38898922,4.043560981750488,3.9962120056152344,3.8569936752319336
10-04-2001,4.103535175323486,4.149831771850586,65894083,4.329755783081055,4.15088415145874,4.006277084350586
11-04-2001,3.9772729873657227,4.3139729499816895,45948989,4.345539093017578,4.12142276763916,3.977842092514038
12-04-2001,4.095118045806885,4.095118045806885,48835354,4.392887115478516,4.380260944366455,4.227663993835449
16-04-2001,4.190866947174072,4.201388835906982,40125888,4.540194034576416,4.301346778869629,4.151498317718506
17-04-2001,4.203493118286133,4.228745937347412,45741802,4.566497802734375,4.529672145843506,4.37186861038208
18-04-2001,4.613846778869629,4.7348480224609375,71492890,5.085227012634277,4.81376314163208,4.646063327789307
19-04-2001,4.840066909790039,4.965278148651123,75399984,5.2609429359436035,5.259891033172607,5.076649188995361
20-04-2001,5.229376792907715,5.471380233764648,167934730,5.922769069671631,5.3293352127075195,5.143674373626709
23-04-2001,4.913721084594727,5.244108200073242,65713507,5.245160102844238,4.9400248527526855,4.76792573928833
24-04-2001,4.682239055633545,4.840066909790039,62466941,5.134679794311523,4.688551902770996,4.525213241577148
25-04-2001,4.629630088806152,4.730639934539795,83389046,5.134679794311523,5.092593193054199,4.915179252624512
26-04-2001,4.682239055633545,5.185184955596924,55835050,5.2083330154418945,4.840066909790039,4.671450614929199
27-04-2001,4.773778915405273,4.998948097229004,35908963,5.039982795715332,4.931608200073242,4.759801864624023
30-04-2001,5.039982795715332,5.076809883117676,89849866,5.481902122497559,5.311448097229004,5.126410007476807
01-05-2001,5.32302188873291,5.326178073883057,105103786,5.719696998596191,5.714436054229736,5.515358924865723
02-05-2001,5.497684955596924,5.792297840118408,63795600,5.812290191650391,5.650252819061279,5.453412055969238
03-05-2001,5.313551902770996,5.4082489013671875,39783744,5.501893997192383,5.419823169708252,5.2310099601745605
04-05-2001,5.160984992980957,5.187290191650391,33260198,5.542929172515869,5.508206844329834,5.316314220428467
07-05-2001,5.226221084594727,5.486111164093018,26184470,5.500842094421387,5.296717166900635,5.112192630767822
08-05-2001,5.076809883117676,5.471380233764648,61722778,5.627103805541992,5.530303001403809,5.337640285491943
09-05-2001,5.324073791503906,5.357744216918945,49169894,5.660774230957031,5.591330051422119,5.396541118621826
10-05-2001,5.682869911193848,5.788088798522949,82795997,5.867002964019775,5.714436054229736,5.515358924865723
11-05-2001,5.471380233764648,5.702861785888672,44884541,5.702861785888672,5.602903842926025,5.407711982727051
14-05-2001,5.508206844329834,5.6081647872924805,51697008,5.8764729499816895,5.809133052825928,5.606756210327148
15-05-2001,5.708123207092285,5.8375420570373535,76713437,6.006944179534912,5.897517204284668,5.692061901092529
16-05-2001,5.803872108459473,5.803872108459473,64260346,6.170033931732178,6.087963104248047,5.87587308883667
17-05-2001,6.092172145843506,6.110058784484863,127851610,6.602482795715332,6.581439018249512,6.352156639099121
18-05-2001,6.3941497802734375,6.493055820465088,58829760,6.637205123901367,6.590909004211426,6.361297130584717
21-05-2001,6.47411584854126,6.660354137420654,72969811,6.744528770446777,6.73821496963501,6.503472328186035
22-05-2001,6.629839897155762,6.7308502197265625,70766784,6.997054100036621,6.760311126708984,6.5247979164123535
23-05-2001,6.313130855560303,6.660354137420654,67209437,6.7655720710754395,6.407827854156494,6.18459415435791
24-05-2001,6.265782833099365,6.397305965423584,39620275,6.705597877502441,6.656145095825195,6.424261569976807
25-05-2001,6.413088798522949,6.659300804138184,27142474,6.734006881713867,6.544612884521484,6.316614151000977
29-05-2001,6.256312847137451,6.496212005615234,36669283,6.52462100982666,6.286827087402344,6.067809581756592
30-05-2001,6.163721084594727,6.163721084594727,79139808,6.576178073883057,6.3005051612854,6.081010818481445
31-05-2001,6.180555820465088,6.307869911193848,46456502,6.467803001403809,6.367845058441162,6.146004676818848
01-06-2001,6.243687152862549,6.439393997192383,36471600,6.513047218322754,6.444654941558838,6.220137596130371
04-06-2001,6.259469985961914,6.314184188842773,52660714,6.672979831695557,6.593012809753418,6.363327980041504
05-06-2001,6.611952781677246,6.628787994384766,45728496,6.883418083190918,6.812921047210693,6.575575351715088
06-06-2001,6.784512042999268,6.8139729499816895,43858109,6.9791669845581055,6.793981075286865,6.557295322418213
07-06-2001,6.660354137420654,6.741372108459473,35823427,6.871842861175537,6.838172912597656,6.599946975708008
08-06-2001,6.649831771850586,6.851851940155029,24150614,6.852903842926025,6.686657905578613,6.453710079193115
11-06-2001,6.565657138824463,6.701388835906982,39570854,6.860269069671631,6.606691837310791,6.376529693603516
12-06-2001,6.363636016845703,6.5067338943481445,44221162,6.78661584854126,6.680345058441162,6.447618007659912
13-06-2001,6.494108200073242,6.750842094421387,38607149,6.828703880310059,6.50357723236084,6.277007579803467
14-06-2001,6.413088798522949,6.4141411781311035,61544102,6.821338176727295,6.740320205688477,6.5055036544799805
15-06-2001,6.4972639083862305,6.659300804138184,82304640,6.881312847137451,6.851851940155029,6.613149642944336
18-06-2001,6.58354377746582,6.792929172515869,52004938,6.897096157073975,6.626684188842773,6.39582633972168
19-06-2001,6.5551347732543945,6.788721084594727,64838189,6.965487957000732,6.644570827484131,6.413090229034424
20-06-2001,6.522517204284668,6.523569107055664,98756064,7.317971229553223,7.312709808349609,7.057953357696533
21-06-2001,7.181187152862549,7.27588415145874,84170275,7.378997802734375,7.354797840118408,7.098574638366699
22-06-2001,7.102272987365723,7.300084114074707,49360925,7.417929172515869,7.132785797119141,6.884296894073486
25-06-2001,7.207491874694824,7.222221851348877,58660589,7.502103805541992,7.474747180938721,7.214345455169678
26-06-2001,7.129630088806152,7.349536895751953,52792819,7.4442338943481445,7.192760944366455,6.9421820640563965
27-06-2001,7.155933856964111,7.265361785888672,47880202,7.336911201477051,7.218012809753418,6.966553688049316
28-06-2001,7.270623207092285,7.320075988769531,41827104,7.412668228149414,7.361111164093018,7.1046671867370605
29-06-2001,7.101221084594727,7.398990154266357,51874733,7.407406806945801,7.206439018249512,6.955384254455566
02-07-2001,7.118055820465088,7.219066143035889,35259840,7.386363983154297,7.172769069671631,6.922886848449707
03-07-2001,7.154881954193115,7.196969985961914,17244058,7.365320205688477,7.276936054229736,7.0234246253967285
05-07-2001,6.997054100036621,7.175926208496094,34978522,7.2474751472473145,7.002315044403076,6.758370876312256
06-07-2001,6.841330051422119,6.95075798034668,36352800,7.118055820465088,6.86447811126709,6.625336647033691
09-07-2001,6.536194801330566,6.918139934539795,53474256,6.965487957000732,6.784512042999268,6.548155784606934
10-07-2001,6.27104377746582,6.838172912597656,67548730,6.839225769042969,6.339436054229736,6.118585586547852
11-07-2001,6.230008125305176,6.230008125305176,55461542,6.406775951385498,6.332070827484131,6.111477375030518
12-07-2001,6.646675109863281,6.695075988769531,66785558,7.054924011230469,7.041245937347412,6.79594612121582
13-07-2001,6.8918352127075195,6.996002197265625,45370195,7.233796119689941,7.05071496963501,6.805084228515625
16-07-2001,6.897096157073975,7.028619766235352,34033824,7.184342861175537,6.928661823272705,6.687283515930176
17-07-2001,6.804502964019775,6.849747180938721,43313530,7.118055820465088,7.102272987365723,6.854846954345703
18-07-2001,6.989688873291016,7.042297840118408,48160570,7.181187152862549,7.00126314163208,6.757355690002441
19-07-2001,6.695075988769531,7.066497802734375,84662582,7.107533931732178,6.77609395980835,6.5400309562683105
20-07-2001,6.9791669845581055,7.004418849945068,79495258,7.154881954193115,7.028619766235352,6.783759117126465
23-07-2001,6.784512042999268,7.041245937347412,46368115,7.042297840118408,6.835017204284668,6.596900939941406
24-07-2001,6.286827087402344,6.603535175323486,106056086,6.676136016845703,6.494108200073242,6.267869472503662
25-07-2001,6.307869911193848,6.410984992980957,59689872,6.590909004211426,6.483585834503174,6.2577128410339355
26-07-2001,6.413088798522949,6.481481075286865,76544266,6.918139934539795,6.821338176727295,6.583699703216553
27-07-2001,6.591960906982422,6.763467788696289,34637328,6.785563945770264,6.691918849945068,6.4587883949279785
30-07-2001,6.33838415145874,6.718224048614502,35742643,6.731902122497559,6.422558784484863,6.198812484741211
31-07-2001,6.337331771850586,6.434133052825928,49816166,6.681396961212158,6.58354377746582,6.354188919067383
01-08-2001,6.449915885925293,6.634048938751221,52615094,6.719275951385498,6.483585834503174,6.2577128410339355
02-08-2001,6.27104377746582,6.51409912109375,67004150,6.58354377746582,6.397305965423584,6.174439430236816
03-08-2001,6.336278915405273,6.407827854156494,89512474,6.840278148651123,6.7655720710754395,6.529875755310059
06-08-2001,6.593012809753418,6.682448863983154,38239344,6.721380233764648,6.681396961212158,6.448633193969727
07-08-2001,6.5625,6.639309883117676,35046000,6.801346778869629,6.7655720710754395,6.529875755310059
08-08-2001,6.487794876098633,6.716119766235352,61019482,6.954966068267822,6.564603805541992,6.335908889770508
09-08-2001,6.439393997192383,6.52462100982666,36793786,6.702441215515137,6.611952781677246,6.381608486175537
10-08-2001,6.313130855560303,6.595118045806885,54686966,6.598274230957031,6.427820205688477,6.203890323638916
13-08-2001,6.313130855560303,6.408880233764648,47233930,6.51409912109375,6.389941215515137,6.167331218719482
14-08-2001,6.3941497802734375,6.450967788696289,45416765,6.60037899017334,6.457281112670898,6.232325077056885
15-08-2001,6.269991874694824,6.4709601402282715,62406115,6.517255783081055,6.313130855560303,6.093195915222168
16-08-2001,5.971169948577881,6.176346778869629,96724109,6.4183502197265625,6.4183502197265625,6.19474983215332
17-08-2001,6.093224048614502,6.261573791503906,69588288,6.3057661056518555,6.207911968231201,5.991642951965332
20-08-2001,6.165824890136719,6.165824890136719,56265581,6.410984992980957,6.365740776062012,6.1439738273620605
21-08-2001,6.059554100036621,6.351009845733643,64120637,6.523569107055664,6.094275951385498,5.8819661140441895
22-08-2001,5.601851940155029,6.176346778869629,168451747,6.176346778869629,5.9880051612854,5.779397487640381
23-08-2001,5.71338415145874,6.109006881713867,89471606,6.12373685836792,5.7933502197265625,5.591524600982666
24-08-2001,5.744948863983154,5.860690116882324,75235565,6.3110270500183105,6.208964824676514,5.992659091949463
27-08-2001,5.8775248527526855,6.12373685836792,72321638,6.135311126708984,5.934342861175537,5.727603912353516
28-08-2001,5.674452781677246,5.908039093017578,63783245,6.034300804138184,5.679714202880859,5.481847286224365
29-08-2001,5.523990154266357,5.726009845733643,56884291,5.748106002807617,5.671296119689941,5.473722457885742
30-08-2001,5.555555820465088,5.616581916809082,73052496,5.891203880310059,5.844906806945801,5.641284465789795
31-08-2001,5.767045021057129,5.809133052825928,44932061,5.9974751472473145,5.91645622253418,5.710340976715088
04-09-2001,5.72390604019165,5.8764729499816895,51740726,5.968012809753418,5.7291669845581055,5.529576301574707
05-09-2001,5.659721851348877,5.703914165496826,81470189,5.9301347732543945,5.750209808349609,5.549887180328369
06-09-2001,5.629209041595459,5.695497035980225,64398154,5.892255783081055,5.796506881713867,5.594570159912109
07-09-2001,5.3777360916137695,5.538721084594727,95320368,5.730218887329102,5.571338176727295,5.377246379852295
10-09-2001,5.407196998596191,5.5250420570373535,65742970,5.760732173919678,5.741793155670166,5.5417633056640625
17-09-2001,5.176767826080322,5.334596157073975,120498365,5.484006881713867,5.197811126708984,5.016732215881348
18-09-2001,5.225168228149414,5.306187152862549,89028720,5.481902122497559,5.2609429359436035,5.077664375305176
19-09-2001,4.728535175323486,5.21359395980835,138114979,5.217803001403809,5.085227012634277,4.908069133758545
20-09-2001,4.668560981750488,4.892676830291748,99299693,4.945285797119141,4.733796119689941,4.568881988525391
21-09-2001,4.366581916809082,4.394991874694824,131197968,4.736952781677246,4.607533931732178,4.447018146514893
24-09-2001,4.62857723236084,4.62857723236084,85010429,4.950547218322754,4.922138214111328,4.750662326812744
25-09-2001,4.830597877502441,4.903199195861816,71773258,5.08838415145874,4.933712005615234,4.761833190917969
26-09-2001,4.619108200073242,5.009469985961914,60224947,5.019991874694824,4.633838176727295,4.47240686416626
27-09-2001,4.259259223937988,4.525463104248047,109763597,4.797979831695557,4.74642276763916,4.581068992614746
28-09-2001,4.571759223937988,4.803240776062012,96120605,4.913721084594727,4.81376314163208,4.646063327789307
01-10-2001,4.629630088806152,4.661194801330566,97526246,5.03787899017334,4.942130088806152,4.769958019256592
02-10-2001,4.903199195861816,4.955808162689209,88837690,5.116793155670166,4.996842861175537,4.822764873504639
03-10-2001,4.802188873291016,4.8558502197265625,130239965,5.366161823272705,5.255681991577148,5.072585582733154
04-10-2001,5.27462100982666,5.337752819061279,101891434,5.689184188842773,5.530303001403809,5.337640285491943
05-10-2001,5.392466068267822,5.455597877502441,77392973,5.678661823272705,5.618687152862549,5.422945499420166
08-10-2001,5.471380233764648,5.512415885925293,70083446,5.836490154266357,5.831229209899902,5.628083229064941
09-10-2001,5.670244216918945,5.80071496963501,46713110,5.808081150054932,5.722854137420654,5.523482799530029
10-10-2001,5.611321926116943,5.65235710144043,64368691,6.003787994384766,5.9848480224609375,5.776350021362305
11-10-2001,5.991161823272705,6.018518924713135,123177542,6.407827854156494,6.254209041595459,6.036328315734863
12-10-2001,5.9448652267456055,6.197391033172607,58305139,6.22895622253418,6.1984429359436035,5.982503890991211
15-10-2001,6.039562225341797,6.1458330154418945,97630790,6.585648059844971,6.478324890136719,6.252636432647705
16-10-2001,6.381524085998535,6.531987190246582,97012080,6.679293155670166,6.481481075286865,6.25568151473999
17-10-2001,5.999578952789307,6.5014729499816895,102867494,6.509891033172607,6.006944179534912,5.7976765632629395
18-10-2001,6.018518924713135,6.030093193054199,79883021,6.279460906982422,6.214225769042969,5.997736930847168
19-10-2001,5.430345058441162,5.743896961212158,213722150,5.759679794311523,5.466119766235352,5.275692462921143
22-10-2001,5.419823169708252,5.419823169708252,94637030,5.664982795715332,5.585017204284668,5.390448093414307
23-10-2001,5.606060981750488,5.6176347732543945,116815565,5.902778148651123,5.848063945770264,5.644330978393555
24-10-2001,5.6723480224609375,5.799663066864014,83675117,6.018518924713135,6.016414165496826,5.806816101074219
25-10-2001,5.764941215515137,5.850168228149414,94222656,6.240530014038086,6.221590995788574,6.00484561920166
26-10-2001,5.953282833099365,6.099536895751953,65457850,6.2026519775390625,5.9974751472473145,5.78853702545166
29-10-2001,5.393518924713135,6.014309883117676,186105427,6.138467788696289,5.52609395980835,5.333578586578369
30-10-2001,5.2619948387146,5.4808502197265625,176097715,5.733375072479248,5.619739055633545,5.423961162567139
31-10-2001,5.4566497802734375,5.696548938751221,100035302,5.776515007019043,5.521885871887207,5.329516410827637
01-11-2001,5.41140604019165,5.551346778869629,96610061,5.661827087402344,5.601851940155029,5.406696319580078
02-11-2001,5.393518924713135,5.57659912109375,69677626,5.6765570640563965,5.439815044403076,5.25030517578125
05-11-2001,5.486111164093018,5.49873685836792,60228749,5.750209808349609,5.666035175323486,5.468644142150879
06-11-2001,5.56607723236084,5.611321926116943,64073117,5.900672912597656,5.858585834503174,5.654486179351807
07-11-2001,5.787036895751953,5.796506881713867,84151267,6.133206844329834,5.9543352127075195,5.74690055847168
08-11-2001,5.813342094421387,6.01325798034668,63565603,6.176346778869629,5.823863983154297,5.620975017547607
09-11-2001,5.737584114074707,5.827020168304443,43654723,6.049032211303711,5.992214202880859,5.7834601402282715
12-11-2001,5.865951061248779,5.972221851348877,47619792,6.144781112670898,6.066918849945068,5.855562210083008
13-11-2001,6.092172145843506,6.171085834503174,63372672,6.307869911193848,6.29840087890625,6.0789794921875
14-11-2001,6.33838415145874,6.364688873291016,86866560,6.576178073883057,6.538300037384033,6.310521125793457
15-11-2001,6.261573791503906,6.427820205688477,67335840,6.483585834503174,6.320497035980225,6.100306034088135
16-11-2001,6.26052188873291,6.3015570640563965,44195501,6.476221084594727,6.313130855560303,6.093195915222168
19-11-2001,6.340487957000732,6.351009845733643,65672640,6.576178073883057,6.53514289855957,6.307473659515381
20-11-2001,6.217381954193115,6.481481075286865,52866000,6.574073791503906,6.219487190246582,6.002815246582031
21-11-2001,6.134259223937988,6.2026519775390625,46030723,6.403619766235352,6.403619766235352,6.180531978607178
23-11-2001,6.323653221130371,6.340487957000732,14496451,6.479376792907715,6.476221084594727,6.25060510635376
26-11-2001,6.560396194458008,6.561448097229004,107686973,6.870790958404541,6.856060981750488,6.617212295532227
27-11-2001,6.576178073883057,6.769781112670898,85966531,6.919191837310791,6.8150248527526855,6.577605724334717
28-11-2001,6.741372108459473,6.761363983154297,105357542,7.108585834503174,6.849747180938721,6.611118316650391
29-11-2001,6.8234429359436035,6.828703880310059,60628867,7.0233588218688965,6.969696998596191,6.726889610290527
30-11-2001,6.924452781677246,6.93392276763916,79623562,7.206439018249512,7.162247180938721,6.912731647491455
03-12-2001,6.976009845733643,7.090699195861816,45713290,7.112794876098633,7.057028770446777,6.811178207397461
04-12-2001,7.00126314163208,7.034933090209961,71651606,7.366372108459473,7.364267826080322,7.1077141761779785
05-12-2001,7.156987190246582,7.361111164093018,148671072,7.653619766235352,7.257997035980225,7.005146026611328
06-12-2001,7.210648059844971,7.253787994384766,70192742,7.4042510986328125,7.381103038787842,7.123962879180908
07-12-2001,7.0391411781311035,7.295875072479248,60774278,7.343224048614502,7.14962100982666,6.900545120239258
10-12-2001,7.003366947174072,7.060184955596924,50299920,7.2790398597717285,7.049663066864014,6.804069519042969
11-12-2001,7.097012042999268,7.098063945770264,78943075,7.488426208496094,7.375842094421387,7.118885517120361
12-12-2001,7.098063945770264,7.306396961212158,66302755,7.365320205688477,7.312709808349609,7.057953357696533
13-12-2001,6.946548938751221,7.114899158477783,55989014,7.181187152862549,6.961278915405273,6.718764781951904
14-12-2001,6.96338415145874,6.986532211303711,52401254,7.186448097229004,7.006524085998535,6.7624335289001465
17-12-2001,6.920244216918945,6.998106002807617,57512506,7.332702159881592,7.290614128112793,7.036626815795898
18-12-2001,6.9707489013671875,7.270623207092285,84092342,7.36321496963501,7.029672145843506,6.784775257110596
19-12-2001,6.8918352127075195,6.977062225341797,72899482,7.186448097229004,6.965487957000732,6.722826957702637
20-12-2001,6.682448863983154,6.949705123901367,55635466,7.08859395980835,6.690866947174072,6.457773208618164
21-12-2001,6.707702159881592,6.781354904174805,59703178,6.886573791503906,6.838172912597656,6.599946975708008
24-12-2001,6.656145095825195,6.844487190246582,18747590,6.929714202880859,6.714015007019043,6.480114936828613
26-12-2001,6.8276519775390625,6.8276519775390625,40902365,7.053872108459473,6.980218887329102,6.7370452880859375
27-12-2001,6.893939018249512,6.990740776062012,28567123,7.077020168304443,6.962331771850586,6.719779968261719
28-12-2001,7.0233588218688965,7.024411201477051,32922806,7.16645622253418,7.153830051422119,6.904607772827148
31-12-2001,6.991793155670166,7.186448097229004,34766582,7.2043352127075195,7.0391411781311035,6.793914318084717
02-01-2002,6.77609395980835,6.880260944366455,59122483,6.969696998596191,6.962331771850586,6.719779968261719
03-01-2002,6.901305198669434,6.95075798034668,50394960,7.183290958404541,7.154881954193115,6.905622959136963
04-01-2002,7.102272987365723,7.16014289855957,44531942,7.312709808349609,7.207491874694824,6.956399917602539
07-01-2002,7.006524085998535,7.216960906982422,42132182,7.280093193054199,7.028619766235352,6.783759117126465
08-01-2002,6.875,7.048611164093018,52871702,7.107533931732178,7.106481075286865,6.858908176422119
09-01-2002,7.007575988769531,7.173821926116943,51664694,7.255891799926758,7.038088798522949,6.792898654937744
10-01-2002,6.917088031768799,6.997054100036621,44653594,7.070706844329834,6.943391799926758,6.701500415802002
11-01-2002,6.681396961212158,6.952861785888672,64879056,7.0233588218688965,6.720327854156494,6.486207485198975
14-01-2002,6.567760944366455,6.676136016845703,49657450,6.731902122497559,6.645623207092285,6.414105415344238
15-01-2002,6.695075988769531,6.729797840118408,70104355,6.855008125305176,6.737163066864014,6.5024566650390625
16-01-2002,6.294191837310791,6.434133052825928,129415018,6.601430892944336,6.306818008422852,6.087103366851807
17-01-2002,6.404672145843506,6.523569107055664,84184531,6.590909004211426,6.482533931732178,6.256698131561279
18-01-2002,6.294191837310791,6.318391799926758,49579517,6.433081150054932,6.332070827484131,6.111477375030518
22-01-2002,6.22895622253418,6.429924011230469,58975171,6.495160102844238,6.255260944366455,6.0373430252075195
23-01-2002,6.076388835906982,6.269991874694824,77981270,6.3110270500183105,6.217381954193115,6.0007829666137695
24-01-2002,6.26052188873291,6.275252819061279,56619130,6.430975914001465,6.302608966827393,6.083041191101074
25-01-2002,6.27104377746582,6.286827087402344,25928813,6.4141411781311035,6.381524085998535,6.159207344055176
28-01-2002,6.197391033172607,6.444654941558838,36518170,6.452020168304443,6.281566143035889,6.0627312660217285
29-01-2002,6.118475914001465,6.292088031768799,51164784,6.363636016845703,6.241581916809082,6.024139404296875
30-01-2002,5.797558784484863,6.279460906982422,98352144,6.279460906982422,6.071127891540527,5.85962438583374
31-01-2002,5.973274230957031,6.11321496963501,58141670,6.267887115478516,6.210017204284668,5.993674278259277
01-02-2002,6.055345058441162,6.215278148651123,30563914,6.278409004211426,6.107954978942871,5.895168304443359
04-02-2002,5.80071496963501,6.0816497802734375,51831014,6.086911201477051,5.8459601402282715,5.642300128936768
05-02-2002,5.6807661056518555,5.8459601402282715,61353072,5.953282833099365,5.7344279289245605,5.53465461730957
06-02-2002,5.601851940155029,5.801767826080322,49052045,5.860690116882324,5.808081150054932,5.605741500854492
07-02-2002,5.666035175323486,5.796506881713867,45314122,5.88909912109375,5.782827854156494,5.5813679695129395
08-02-2002,5.760732173919678,5.7891411781311035,58404931,6.17424201965332,6.166876792907715,5.952037334442139
11-02-2002,6.006944179534912,6.122684955596924,40972694,6.20159912109375,6.026936054229736,5.816972255706787
12-02-2002,5.917508125305176,5.9974751472473145,42457219,6.177399158477783,6.107954978942871,5.895168304443359
13-02-2002,6.11321496963501,6.11321496963501,31436381,6.2573652267456055,6.165824890136719,5.951022624969482
14-02-2002,6.176346778869629,6.181608200073242,57087677,6.389941215515137,6.313130855560303,6.093195915222168
15-02-2002,6.102694034576416,6.285774230957031,48534077,6.317339897155762,6.20159912109375,5.985549449920654
19-02-2002,5.58712100982666,6.1500420570373535,88173360,6.1500420570373535,5.618687152862549,5.422945499420166
20-02-2002,5.510311126708984,5.692339897155762,72246557,5.779672145843506,5.7207489013671875,5.521451473236084
21-02-2002,5.625,5.688130855560303,71349379,5.92697811126709,5.679714202880859,5.481847286224365
22-02-2002,5.455597877502441,5.67340087890625,72086890,5.679714202880859,5.492424011230469,5.301080703735352
25-02-2002,5.43876314163208,5.527145862579346,56391984,5.7165398597717285,5.696548938751221,5.49809455871582
26-02-2002,5.501893997192383,5.698653221130371,57188419,5.718645095825195,5.600800037384033,5.405681610107422
27-02-2002,5.139941215515137,5.540824890136719,123790550,5.540824890136719,5.167297840118408,4.987281322479248
28-02-2002,5.352482795715332,5.366161823272705,125634326,5.548190116882324,5.4766411781311035,5.285848617553711
01-03-2002,5.495581150054932,5.507154941558838,62801482,5.818603038787842,5.772305965423584,5.571212291717529
04-03-2002,5.915403842926025,5.915403842926025,81227837,6.265782833099365,6.256312847137451,6.038357734680176
05-03-2002,6.076388835906982,6.210017204284668,68909702,6.25,6.177399158477783,5.962193489074707
06-03-2002,6.018518924713135,6.1058502197265625,44832269,6.195285797119141,6.162668228149414,5.947975158691406
07-03-2002,6.050084114074707,6.217381954193115,41724461,6.258418083190918,6.062709808349609,5.851499557495117
08-03-2002,6.11321496963501,6.207911968231201,63415440,6.373106002807617,6.3594279289245605,6.137880802154541
11-03-2002,6.165824890136719,6.207911968231201,47574173,6.407827854156494,6.356270790100098,6.134833812713623
12-03-2002,6.0816497802734375,6.218433856964111,49077706,6.25,6.17424201965332,5.959146976470947
13-03-2002,5.9301347732543945,6.07428503036499,51931757,6.124790191650391,5.97537899017334,5.767210960388184
14-03-2002,5.895411968231201,5.9985270500183105,48717504,6.009048938751221,5.963805198669434,5.756040096282959
15-03-2002,5.900672912597656,5.990108966827393,44272483,6.083754062652588,6.071127891540527,5.85962438583374
18-03-2002,5.962752819061279,6.107954978942871,61252330,6.141624927520752,6.084805965423584,5.872825622558594
19-03-2002,6.040614128112793,6.106902122497559,29647728,6.152145862579346,6.106902122497559,5.894152641296387
20-03-2002,5.902778148651123,6.044823169708252,46650384,6.12373685836792,5.929081916809082,5.722527027130127
21-03-2002,5.842803001403809,5.940657138824463,55766621,6.205808162689209,6.160563945770264,5.945944309234619
22-03-2002,6.038509845733643,6.1500420570373535,53795491,6.2626261711120605,6.230008125305176,6.012969493865967
25-03-2002,6.023778915405273,6.177399158477783,52070515,6.274199962615967,6.039562225341797,5.829157829284668
26-03-2002,5.91014289855957,6.031145095825195,54507341,6.143729209899902,5.9974751472473145,5.78853702545166
27-03-2002,5.911194801330566,5.966960906982422,29786486,6.026936054229736,6.01325798034668,5.803771495819092
28-03-2002,5.883838176727295,6.034300804138184,28339978,6.050084114074707,5.959596157073975,5.751977443695068
01-04-2002,5.802820205688477,5.882785797119141,54750643,6.005891799926758,5.943812847137451,5.736745357513428
02-04-2002,5.750209808349609,5.862794876098633,52178861,5.892255783081055,5.783880233764648,5.582383632659912
03-04-2002,5.562921047210693,5.802820205688477,55832198,5.802820205688477,5.61447811126709,5.418883323669434
04-04-2002,5.485058784484863,5.58712100982666,50825491,5.650252819061279,5.556608200073242,5.363029479980469
05-04-2002,5.399831771850586,5.5650248527526855,55787530,5.639730930328369,5.589225769042969,5.394510269165039
08-04-2002,5.43876314163208,5.481902122497559,56499379,5.850168228149414,5.802820205688477,5.600663185119629
09-04-2002,5.594487190246582,5.829124927520752,53285126,5.918560981750488,5.59764289855957,5.4026336669921875
10-04-2002,5.487163066864014,5.622896194458008,44093808,5.707070827484131,5.66287899017334,5.465597629547119
11-04-2002,5.327230930328369,5.568181991577148,54508291,5.578703880310059,5.349327087402344,5.162970066070557
12-04-2002,5.402987957000732,5.409300804138184,56368224,5.694444179534912,5.6902360916137695,5.492001533508301
15-04-2002,5.649199962615967,5.71338415145874,52493443,5.865951061248779,5.817551136016846,5.6148810386657715
16-04-2002,5.757575988769531,5.864899158477783,50195376,5.92697811126709,5.900672912597656,5.6951069831848145
17-04-2002,5.687078952789307,5.902778148651123,38739254,5.908039093017578,5.779672145843506,5.578321933746338
18-04-2002,5.550294876098633,5.744948863983154,59136739,5.796506881713867,5.580808162689209,5.386386394500732
19-04-2002,5.445075988769531,5.607112884521484,152620934,5.785984992980957,5.722854137420654,5.523482799530029
22-04-2002,5.507154941558838,5.693391799926758,78981091,5.693391799926758,5.648148059844971,5.451380252838135
23-04-2002,5.497684955596924,5.631312847137451,58375469,5.717593193054199,5.516624927520752,5.32443904876709
24-04-2002,5.389309883117676,5.588172912597656,54842832,5.621842861175537,5.395623207092285,5.2076520919799805
25-04-2002,5.315657138824463,5.385100841522217,64224230,5.551346778869629,5.44928503036499,5.2594451904296875
26-04-2002,5.222012042999268,5.472433090209961,62863258,5.550294876098633,5.229376792907715,5.047198295593262
29-04-2002,5.21359395980835,5.2567338943481445,69949440,5.418770790100098,5.349327087402344,5.162970066070557
30-04-2002,5.270411968231201,5.271464824676514,62510659,5.6765570640563965,5.58712100982666,5.3924784660339355
01-05-2002,5.446127891540527,5.56607723236084,65381818,5.7344279289245605,5.688130855560303,5.4899702072143555
02-05-2002,5.497684955596924,5.6849751472473145,66738989,5.784933090209961,5.497684955596924,5.306158542633057
03-05-2002,5.3640570640563965,5.478745937347412,38580538,5.513467788696289,5.395623207092285,5.2076520919799805
06-05-2002,5.297769069671631,5.393518924713135,41853715,5.481902122497559,5.316709041595459,5.131487846374512
07-05-2002,5.182028770446777,5.387205123901367,69137798,5.430345058441162,5.243055820465088,5.06040096282959
08-05-2002,5.422979831695557,5.424032211303711,62253101,5.697600841522217,5.681818008422852,5.483876705169678
09-05-2002,5.471380233764648,5.58712100982666,47711030,5.678661823272705,5.64604377746582,5.449349403381348
10-05-2002,5.37142276763916,5.613426208496094,58269974,5.626051902770996,5.57659912109375,5.382323265075684
13-05-2002,5.493475914001465,5.519781112670898,46179936,5.744948863983154,5.726009845733643,5.526528835296631
14-05-2002,5.765993118286133,5.783880233764648,56274134,6.023778915405273,5.959596157073975,5.751977443695068
15-05-2002,5.844906806945801,5.897517204284668,52013491,6.142676830291748,6.034300804138184,5.824080467224121
16-05-2002,5.850168228149414,5.983796119689941,44693510,6.023778915405273,5.912247180938721,5.7062788009643555
17-05-2002,5.840699195861816,5.957491874694824,34871126,6.0290398597717285,5.925926208496094,5.719480991363525
20-05-2002,5.755471229553223,5.870160102844238,34846416,5.929081916809082,5.914351940155029,5.708310127258301
21-05-2002,5.765993118286133,5.934342861175537,44442605,5.995369911193848,5.801767826080322,5.5996479988098145
22-05-2002,5.651305198669434,5.767045021057129,41978218,5.832281112670898,5.813342094421387,5.610818862915039
23-05-2002,5.880681991577148,5.8817338943481445,71011987,6.178451061248779,6.17424201965332,5.959146976470947
24-05-2002,6.014309883117676,6.144781112670898,31269110,6.156354904174805,6.027987957000732,5.817986965179443
28-05-2002,5.865951061248779,6.043770790100098,37037088,6.044823169708252,5.888047218322754,5.682920932769775
29-05-2002,5.852272987365723,5.855429172515869,45452880,6.070075988769531,5.980639934539795,5.772288799285889
30-05-2002,5.850168228149414,5.932239055633545,37467619,6.012205123901367,5.938551902770996,5.7316670417785645
31-05-2002,5.809133052825928,6.039562225341797,49140432,6.092172145843506,5.809133052825928,5.606756210327148
03-06-2002,5.767045021057129,5.834385871887207,33750605,5.9375,5.80071496963501,5.598632335662842
04-06-2002,5.718645095825195,5.772305965423584,53072237,5.891203880310059,5.802820205688477,5.600663185119629
05-06-2002,5.56607723236084,5.81123685836792,84170275,5.892255783081055,5.788088798522949,5.586445331573486
06-06-2002,5.707070827484131,5.767045021057129,45457632,5.87857723236084,5.778619766235352,5.577306270599365
07-06-2002,5.664982795715332,5.670244216918945,64985501,5.990108966827393,5.962752819061279,5.755025386810303
10-06-2002,5.929081916809082,5.955387115478516,36604656,6.076388835906982,5.963805198669434,5.756040096282959
11-06-2002,5.853324890136719,5.9985270500183105,50017651,6.116372108459473,5.865951061248779,5.661595344543457
12-06-2002,5.8417510986328125,5.856481075286865,59451322,6.144781112670898,6.135311126708984,5.921571731567383
13-06-2002,6.075336933135986,6.102694034576416,59821978,6.3057661056518555,6.208964824676514,5.992659091949463
14-06-2002,5.9543352127075195,6.065866947174072,77457600,6.26052188873291,6.21212100982666,5.995705604553223
17-06-2002,6.2668352127075195,6.268939018249512,94710211,6.698232173919678,6.639309883117676,6.408012390136719
18-06-2002,6.536194801330566,6.596169948577881,78160896,6.744528770446777,6.542508125305176,6.314582824707031
19-06-2002,6.456229209899902,6.526725769042969,60741965,6.628787994384766,6.504630088806152,6.278024673461914
20-06-2002,6.323653221130371,6.496212005615234,59446570,6.523569107055664,6.356270790100098,6.134833812713623
21-06-2002,6.207911968231201,6.397305965423584,53071286,6.407827854156494,6.286827087402344,6.067809581756592
24-06-2002,6.23947811126709,6.255260944366455,96126307,6.704545021057129,6.595118045806885,6.365359783172607
25-06-2002,6.284721851348877,6.655093193054199,76467283,6.723484992980957,6.34890604019165,6.127725601196289
26-06-2002,6.124790191650391,6.134259223937988,105927782,6.5025248527526855,6.379418849945068,6.157175540924072
27-06-2002,6.286827087402344,6.454124927520752,63582710,6.507785797119141,6.464645862579346,6.239433288574219
28-06-2002,6.408880233764648,6.460437774658203,53691898,6.568812847137451,6.483585834503174,6.2577128410339355
01-07-2002,6.155303001403809,6.422558784484863,53848714,6.4972639083862305,6.16161584854126,5.946959495544434
02-07-2002,6.0027360916137695,6.1542510986328125,60736262,6.23947811126709,6.069024085998535,5.857593536376953
03-07-2002,5.830176830291748,6.056396961212158,60504365,6.2426347732543945,6.217381954193115,6.0007829666137695
05-07-2002,6.265782833099365,6.265782833099365,24810192,6.412036895751953,6.371002197265625,6.149051666259766
08-07-2002,5.896464824676514,6.102694034576416,126204566,6.299452781677246,5.917508125305176,5.711356163024902
09-07-2002,5.902778148651123,5.962752819061279,81877910,6.086911201477051,6.0027360916137695,5.793615341186523
10-07-2002,6.165824890136719,6.294191837310791,163936397,6.355218887329102,6.1900248527526855,5.974379062652588
11-07-2002,6.086911201477051,6.197391033172607,132425885,6.456229209899902,6.353114128112793,6.131787300109863
12-07-2002,6.365740776062012,6.426767826080322,67653274,6.523569107055664,6.419402122497559,6.195765018463135
15-07-2002,6.102694034576416,6.344696998596191,99311098,6.440445899963379,6.397305965423584,6.174439430236816
16-07-2002,6.243687152862549,6.344696998596191,93055565,6.437290191650391,6.390993118286133,6.168345928192139
17-07-2002,6.43623685836792,6.460437774658203,84019162,6.57302188873291,6.483585834503174,6.2577128410339355
18-07-2002,6.329966068267822,6.467803001403809,116598874,6.523569107055664,6.360479831695557,6.138895511627197
19-07-2002,5.961699962615967,6.12373685836792,501891034,6.307869911193848,5.9890570640563965,5.780412197113037
22-07-2002,5.874369144439697,6.180555820465088,214499578,6.223694801330566,5.897517204284668,5.692061901092529
23-07-2002,5.58712100982666,5.871212005615234,172892016,6.019570827484131,5.593433856964111,5.398571491241455
24-07-2002,5.37142276763916,5.471380233764648,148574131,5.880681991577148,5.865951061248779,5.661595344543457
25-07-2002,5.548190116882324,5.760732173919678,101386771,5.902778148651123,5.61447811126709,5.418883323669434
26-07-2002,5.609217166900635,5.609217166900635,78383290,5.809133052825928,5.783880233764648,5.582383632659912
29-07-2002,5.8869948387146,5.892255783081055,97575667,6.134259223937988,6.077441215515137,5.86571741104126
30-07-2002,6.015361785888672,6.0332489013671875,81950141,6.236321926116943,6.134259223937988,5.920556545257568
31-07-2002,5.898569107055664,6.080597877502441,83907965,6.097433090209961,6.006944179534912,5.7976765632629395
01-08-2002,5.787036895751953,5.919612884521484,69275606,5.966960906982422,5.81123685836792,5.608786582946777
02-08-2002,5.634469985961914,5.801767826080322,81953942,5.853324890136719,5.776515007019043,5.575275421142578
05-08-2002,5.545033931732178,5.708123207092285,69332630,5.827020168304443,5.613426208496094,5.417867660522461
06-08-2002,5.708123207092285,5.708123207092285,75379075,5.892255783081055,5.815445899963379,5.612849712371826
07-08-2002,5.602903842926025,5.873315811157227,80783050,5.91014289855957,5.840699195861816,5.637223720550537
08-08-2002,5.748106002807617,5.801767826080322,69976051,6.022727012634277,6.000630855560303,5.791583061218262
09-08-2002,5.8459601402282715,5.9448652267456055,57616099,6.094275951385498,6.020623207092285,5.810878276824951
12-08-2002,5.882785797119141,5.943812847137451,50942390,6.111111164093018,6.098484992980957,5.88602876663208
13-08-2002,5.897517204284668,6.071127891540527,87636384,6.283669948577881,5.897517204284668,5.692061901092529
14-08-2002,5.770202159881592,5.860690116882324,87261926,6.060606002807617,6.047979831695557,5.837282180786133
15-08-2002,5.9448652267456055,6.080597877502441,76437821,6.186869144439697,6.175294876098633,5.960162162780762
16-08-2002,6.035354137420654,6.107954978942871,62384256,6.269991874694824,6.204755783081055,5.988597393035889
19-08-2002,6.181608200073242,6.197391033172607,83352931,6.522517204284668,6.508838176727295,6.28208589553833
20-08-2002,6.2973480224609375,6.368896961212158,93697085,6.476221084594727,6.356270790100098,6.134833812713623
21-08-2002,6.244739055633545,6.3983588218688965,72148666,6.449915885925293,6.355218887329102,6.133818626403809
22-08-2002,6.243687152862549,6.3541669845581055,44046288,6.460437774658203,6.459385871887207,6.234355926513672
23-08-2002,6.218433856964111,6.407827854156494,45661968,6.413088798522949,6.328914165496826,6.108429908752441
26-08-2002,6.1584601402282715,6.329966068267822,40701830,6.351009845733643,6.2331647872924805,6.016015529632568
27-08-2002,5.9985270500183105,6.221590995788574,42289949,6.2373738288879395,6.018518924713135,5.808847904205322
28-08-2002,5.798611164093018,5.986952781677246,54892253,6.018518924713135,5.8280720710754395,5.625036239624023
29-08-2002,5.76178503036499,5.783880233764648,59831482,6.027987957000732,6.0027360916137695,5.793615341186523
30-08-2002,5.939603805541992,5.9501261711120605,32877187,6.064815044403076,5.946969985961914,5.7397918701171875
03-09-2002,5.698653221130371,5.904881954193115,47005834,5.939603805541992,5.731270790100098,5.531606197357178
04-09-2002,5.639730930328369,5.758627891540527,63522835,5.867002964019775,5.84911584854126,5.645346641540527
05-09-2002,5.728114128112793,5.781775951385498,47249136,5.835437774658203,5.753366947174072,5.552933216094971
06-09-2002,5.825967788696289,5.834385871887207,48495110,5.959596157073975,5.939603805541992,5.732682228088379
09-09-2002,5.850168228149414,5.892255783081055,87863530,6.23947811126709,6.206860065460205,5.990628242492676
10-09-2002,6.182660102844238,6.197391033172607,75961670,6.335227012634277,6.296296119689941,6.076948165893555
11-09-2002,6.112163066864014,6.3110270500183105,60291475,6.360479831695557,6.147937774658203,5.93375825881958
12-09-2002,6.067971229553223,6.1016411781311035,50405414,6.21212100982666,6.086911201477051,5.8748579025268555
13-09-2002,5.9985270500183105,6.010100841522217,30623789,6.15109395980835,6.102694034576416,5.890089988708496
16-09-2002,6.023778915405273,6.092172145843506,25518240,6.138467788696289,6.086911201477051,5.8748579025268555
17-09-2002,6.006944179534912,6.181608200073242,36120902,6.215278148651123,6.020623207092285,5.810878276824951
18-09-2002,5.974327087402344,5.986952781677246,44888342,6.152145862579346,6.118475914001465,5.905322551727295
19-09-2002,6.007997035980225,6.044823169708252,42092266,6.127945899963379,6.010100841522217,5.800723552703857
20-09-2002,5.951178073883057,6.0416669845581055,61966080,6.060606002807617,5.9932661056518555,5.784475326538086
23-09-2002,5.809133052825928,5.9501261711120605,66662957,5.986952781677246,5.891203880310059,5.685967922210693
24-09-2002,5.839645862579346,5.860690116882324,62627558,6.0027360916137695,5.868055820465088,5.663626670837402
25-09-2002,5.840699195861816,5.917508125305176,60677338,5.9974751472473145,5.95854377746582,5.750962734222412
26-09-2002,5.86174201965332,5.970118045806885,48282221,6.053240776062012,5.962752819061279,5.755025386810303
27-09-2002,5.882785797119141,5.932239055633545,51988781,6.135311126708984,6.050084114074707,5.839313983917236
30-09-2002,5.5155720710754395,5.8859429359436035,162812074,5.8859429359436035,5.556608200073242,5.363029479980469
01-10-2002,5.446127891540527,5.589225769042969,95832634,5.65235710144043,5.630260944366455,5.434116363525391
02-10-2002,5.545033931732178,5.56607723236084,77368262,5.755471229553223,5.6081647872924805,5.412790298461914
03-10-2002,5.387205123901367,5.57659912109375,89387021,5.668139934539795,5.4608588218688965,5.270615577697754
04-10-2002,5.340909004211426,5.445075988769531,111773693,5.523990154266357,5.508206844329834,5.316314220428467
07-10-2002,5.284090995788574,5.439815044403076,72820598,5.495581150054932,5.328282833099365,5.142658710479736
08-10-2002,5.3293352127075195,5.429293155670166,79037165,5.61447811126709,5.505051136016846,5.313267707824707
09-10-2002,5.392466068267822,5.430345058441162,81876960,5.613426208496094,5.5776519775390625,5.383339881896973
10-10-2002,5.472433090209961,5.6323652267456055,93120192,5.681818008422852,5.607112884521484,5.411774158477783
11-10-2002,5.655512809753418,5.659721851348877,90643450,5.923821926116943,5.923821926116943,5.7174506187438965
14-10-2002,5.839645862579346,5.839645862579346,57099082,6.092172145843506,6.050084114074707,5.839313983917236
15-10-2002,6.01325798034668,6.225800037384033,123219360,6.292088031768799,6.103745937347412,5.891106128692627
16-10-2002,5.921717166900635,6.057448863983154,90690019,6.11321496963501,6.100588798522949,5.888059139251709
17-10-2002,6.066918849945068,6.171085834503174,109502237,6.27104377746582,6.118475914001465,5.905322551727295
18-10-2002,5.860690116882324,5.913300037384033,156944304,6.3415398597717285,6.30892276763916,6.089134693145752
21-10-2002,6.2973480224609375,6.3099751472473145,121845082,6.665614128112793,6.630891799926758,6.399887561798096
22-10-2002,6.455176830291748,6.509891033172607,89828957,6.564603805541992,6.537247180938721,6.309505462646484
23-10-2002,6.456229209899902,6.465699195861816,61306502,6.697179794311523,6.692971229553223,6.459804534912109
24-10-2002,6.513047218322754,6.721380233764648,71733341,6.781354904174805,6.530933856964111,6.303411483764648
25-10-2002,6.446759223937988,6.519360065460205,47626445,6.539351940155029,6.522517204284668,6.2952880859375
28-10-2002,6.3499579429626465,6.580387115478516,55912032,6.6182661056518555,6.375209808349609,6.15311336517334
29-10-2002,6.340487957000732,6.405724048614502,57272054,6.5025248527526855,6.437290191650391,6.21303129196167
30-10-2002,6.38678503036499,6.454124927520752,61596374,6.6182661056518555,6.577230930328369,6.3480963706970215
31-10-2002,6.6224751472473145,6.628787994384766,73051546,6.772937774658203,6.6540398597717285,6.422229290008545
01-11-2002,6.520411968231201,6.588805198669434,59879952,6.825547218322754,6.817130088806152,6.579636573791504
04-11-2002,6.807660102844238,6.821338176727295,68054342,6.991793155670166,6.831860065460205,6.5938544273376465
05-11-2002,6.789772987365723,6.789772987365723,42171149,6.962331771850586,6.956018924713135,6.713688373565674
06-11-2002,6.810815811157227,6.924452781677246,49748688,6.982323169708252,6.944444179534912,6.702516555786133
07-11-2002,6.617214202880859,6.8276519775390625,59979744,6.855008125305176,6.698232173919678,6.4648823738098145
08-11-2002,6.63825798034668,6.639309883117676,39765686,6.77609395980835,6.717172145843506,6.483161449432373
11-11-2002,6.4972639083862305,6.711911201477051,43050269,6.711911201477051,6.5109429359436035,6.284117698669434
12-11-2002,6.523569107055664,6.557239055633545,35678016,6.68876314163208,6.606691837310791,6.376529693603516
13-11-2002,6.523569107055664,6.5625,44013024,6.679293155670166,6.642466068267822,6.4110589027404785
14-11-2002,6.719275951385498,6.719275951385498,42592176,6.863426208496094,6.856060981750488,6.617212295532227
15-11-2002,6.734006881713867,6.833964824676514,39853123,6.954966068267822,6.941287994384766,6.6994709968566895
18-11-2002,6.986532211303711,6.996002197265625,81804730,7.253787994384766,7.117002964019775,6.8690643310546875
19-11-2002,6.828703880310059,7.054924011230469,81636509,7.090699195861816,6.852903842926025,6.61416482925415
20-11-2002,6.843433856964111,6.86447811126709,56163888,7.1275248527526855,7.0875420570373535,6.840628623962402
21-11-2002,7.049663066864014,7.107533931732178,85265136,7.2790398597717285,7.27588415145874,7.022409439086914
22-11-2002,7.186448097229004,7.202230930328369,62572435,7.417929172515869,7.374790191650391,7.117870330810547
25-11-2002,7.181187152862549,7.384259223937988,56063146,7.391624927520752,7.260100841522217,7.007175922393799
26-11-2002,7.0833330154418945,7.229588031768799,43024608,7.2390570640563965,7.106481075286865,6.858908176422119
27-11-2002,7.2001261711120605,7.202230930328369,44898797,7.366372108459473,7.325336933135986,7.070139408111572
29-11-2002,7.250630855560303,7.362163066864014,15007766,7.362163066864014,7.251684188842773,6.999053001403809
02-12-2002,7.309554100036621,7.347433090209961,61074605,7.454755783081055,7.4442338943481445,7.18489408493042
03-12-2002,7.220118045806885,7.370581150054932,59136739,7.386363983154297,7.2485270500183105,6.996005535125732
04-12-2002,7.060184955596924,7.188551902770996,56459462,7.240108966827393,7.181187152862549,6.93101167678833
05-12-2002,7.107533931732178,7.218012809753418,45253296,7.220118045806885,7.13909912109375,6.890389919281006
06-12-2002,6.954966068267822,6.976009845733643,82209600,7.221169948577881,7.211699962615967,6.960461616516113
09-12-2002,7.074915885925293,7.1706647872924805,51380525,7.199073791503906,7.09911584854126,6.851799011230469
10-12-2002,7.097012042999268,7.130681991577148,38586240,7.254839897155762,7.175926208496094,6.925933837890625
11-12-2002,7.0433502197265625,7.12857723236084,43948397,7.240108966827393,7.11174201965332,6.863986968994141
12-12-2002,7.1401519775390625,7.16645622253418,45999360,7.2348480224609375,7.231691837310791,6.979757308959961
13-12-2002,7.070706844329834,7.168560981750488,54875146,7.227482795715332,7.092803001403809,6.845707416534424
16-12-2002,7.105429172515869,7.143308162689209,47341325,7.303240776062012,7.289562225341797,7.035611629486084
17-12-2002,7.270623207092285,7.281145095825195,51139123,7.425294876098633,7.374790191650391,7.117870330810547
18-12-2002,7.2380051612854,7.330597877502441,37321258,7.3358588218688965,7.299032211303711,7.0447516441345215
19-12-2002,7.165403842926025,7.2916669845581055,46670342,7.383206844329834,7.231691837310791,6.979757308959961
20-12-2002,7.207491874694824,7.276936054229736,46773936,7.354797840118408,7.348484992980957,7.09248161315918
23-12-2002,7.316918849945068,7.330597877502441,33129043,7.420033931732178,7.375842094421387,7.118885517120361
24-12-2002,7.2790398597717285,7.360058784484863,13356922,7.371633052825928,7.332702159881592,7.0772480964660645
26-12-2002,7.086490154266357,7.329545021057129,52101878,7.412668228149414,7.113846778869629,6.8660173416137695
27-12-2002,6.997054100036621,7.113846778869629,31279565,7.142255783081055,7.052820205688477,6.807116985321045
30-12-2002,7.060184955596924,7.101221084594727,41138064,7.1948652267456055,7.1317338943481445,6.8832807540893555
31-12-2002,7.026515007019043,7.132785797119141,30217018,7.184342861175537,7.1359429359436035,6.887342929840088
02-01-2003,7.103324890136719,7.17697811126709,72765475,7.317971229553223,7.2969279289245605,7.042720794677734
03-01-2003,7.249578952789307,7.323232173919678,48452342,7.365320205688477,7.357954978942871,7.101621627807617
06-01-2003,7.325336933135986,7.344275951385498,125062186,7.758838176727295,7.680975914001465,7.413389205932617
07-01-2003,7.557869911193848,7.673611164093018,67424227,7.7167510986328125,7.635732173919678,7.369722366333008
08-01-2003,7.467381954193115,7.596800804138184,71892058,7.670454978942871,7.5610270500183105,7.2976179122924805
09-01-2003,7.615740776062012,7.621002197265625,68634086,7.7998738288879395,7.735690116882324,7.466197490692139
10-01-2003,7.596800804138184,7.662036895751953,54213667,7.786194801330566,7.718854904174805,7.449949741363525
13-01-2003,7.717803001403809,7.748315811157227,54677462,7.870369911193848,7.783039093017578,7.51189661026001
14-01-2003,7.637836933135986,7.748315811157227,42680563,7.807239055633545,7.8051347732543945,7.5332231521606445
15-01-2003,7.696759223937988,7.789351940155029,46709309,7.821969985961914,7.733585834503174,7.464166164398193
16-01-2003,7.4389729499816895,7.680975914001465,86736355,7.680975914001465,7.496842861175537,7.235671043395996
17-01-2003,7.57575798034668,7.634679794311523,137075242,7.901936054229736,7.875630855560303,7.60126256942749
21-01-2003,7.757785797119141,7.886153221130371,108576547,8.041876792907715,7.971380233764648,7.693676471710205
22-01-2003,7.82302188873291,7.82302188873291,99402336,7.992424011230469,7.918770790100098,7.642899990081787
23-01-2003,7.870369911193848,7.928240776062012,59845738,7.986111164093018,7.965066909790039,7.687582969665527
24-01-2003,7.797769069671631,7.957702159881592,67779677,7.970327854156494,7.920875072479248,7.644930362701416
27-01-2003,7.743055820465088,7.789351940155029,68268182,7.890361785888672,7.75357723236084,7.483460903167725
28-01-2003,7.683081150054932,7.78514289855957,74389709,7.828282833099365,7.726221084594727,7.457058906555176
29-01-2003,7.638888835906982,7.706229209899902,72455645,7.891414165496826,7.884048938751221,7.609386920928955
30-01-2003,7.807239055633545,7.892466068267822,52286256,7.907196998596191,7.807239055633545,7.535254001617432
31-01-2003,6.739267826080322,7.784090995788574,61696166,7.944024085998535,7.9082489013671875,7.632744312286377
03-02-2003,7.766203880310059,7.9219279289245605,51694157,8.29124641418457,7.790403842926025,7.519005298614502
04-02-2003,7.612584114074707,7.771464824676514,50077526,7.772517204284668,7.691497802734375,7.4235453605651855
05-02-2003,7.682028770446777,7.745160102844238,51094454,7.852482795715332,7.73674201965332,7.467212677001953
06-02-2003,7.645202159881592,7.726221084594727,38572934,7.757785797119141,7.697811126708984,7.429638385772705
07-02-2003,7.536827087402344,7.707281112670898,41779584,7.750421047210693,7.614688873291016,7.3494110107421875
10-02-2003,7.5652360916137695,7.607323169708252,44233517,7.754630088806152,7.739899158477783,7.470260143280029
11-02-2003,7.690445899963379,7.754630088806152,34152624,7.832491874694824,7.723063945770264,7.454010486602783
12-02-2003,7.690445899963379,7.691497802734375,32125421,7.82302188873291,7.7167510986328125,7.447918891906738
13-02-2003,7.57575798034668,7.7083330154418945,48494160,7.744108200073242,7.7125420570373535,7.4438557624816895
14-02-2003,7.699915885925293,7.729376792907715,48494160,7.891414165496826,7.891414165496826,7.6164960861206055
18-02-2003,7.886153221130371,7.893518924713135,50544173,8.054503440856934,8.048190116882324,7.767810821533203
19-02-2003,7.996633052825928,7.996633052825928,54924566,8.107112884521484,8.100799560546875,7.818587303161621
20-02-2003,8.030303001403809,8.086069107055664,34535635,8.13131332397461,8.079755783081055,7.798275947570801
21-02-2003,8.033459663391113,8.074495315551758,57495398,8.252314567565918,8.243897438049316,7.956699848175049
24-02-2003,8.160774230957031,8.214435577392578,40361587,8.259679794311523,8.180766105651855,7.895768165588379
25-02-2003,8.089225769042969,8.121843338012695,45540317,8.188131332397461,8.170244216918945,7.885612487792969
26-02-2003,8.058712005615234,8.117634773254395,32324054,8.171296119689941,8.068181991577148,7.787105560302734
27-02-2003,8.0324068069458,8.109216690063477,47176906,8.154460906982422,8.144991874694824,7.861239910125732
28-02-2003,8.14183521270752,8.143939018249512,42513293,8.275463104248047,8.251262664794922,7.963807106018066
03-03-2003,8.154460906982422,8.259679794311523,46267373,8.355428695678711,8.159722328186035,7.875456809997559
04-03-2003,8.128156661987305,8.149200439453125,41106701,8.258627891540527,8.21548843383789,7.929281711578369
05-03-2003,8.188131332397461,8.194443702697754,39106109,8.321759223937988,8.29861068725586,8.009507179260254
06-03-2003,8.235480308532715,8.259679794311523,29307485,8.310185432434082,8.297558784484863,8.008493423461914
07-03-2003,8.210227012634277,8.211278915405273,56906150,8.423822402954102,8.406987190246582,8.114107131958008
10-03-2003,8.322811126708984,8.338594436645508,38653718,8.398569107055664,8.360690116882324,8.069424629211426
11-03-2003,8.276515007019043,8.385943412780762,34689600,8.40593433380127,8.29861068725586,8.009507179260254
12-03-2003,8.08712100982666,8.277566909790039,55711498,8.322811126708984,8.318602561950684,8.028802871704102
13-03-2003,8.350168228149414,8.401725769042969,99898445,8.742634773254395,8.723694801330566,8.419782638549805
14-03-2003,8.694233894348145,8.742634773254395,72034618,8.856270790100098,8.828913688659668,8.521336555480957
17-03-2003,8.776305198669434,8.791034698486328,95185411,9.175084114074707,9.154040336608887,8.835135459899902
18-03-2003,9.065656661987305,9.156145095825195,76496746,9.2739896774292,9.267677307128906,8.944814682006836
19-03-2003,9.12142276763916,9.26662540435791,69808781,9.28451156616211,9.245580673217773,8.923487663269043
20-03-2003,9.165614128112793,9.219276428222656,69426720,9.40235710144043,9.380261421203613,9.053475379943848
21-03-2003,9.298190116882324,9.438131332397461,70800998,9.4675931930542,9.447601318359375,9.11846923828125
24-03-2003,9.159300804138184,9.327651977539062,72732211,9.36447811126709,9.21191120147705,8.890989303588867
25-03-2003,9.21191120147705,9.217171669006348,62550576,9.431818008422852,9.33291244506836,9.007776260375977
26-03-2003,9.290824890136719,9.32028579711914,92031034,9.515993118286133,9.480218887329102,9.149950981140137
27-03-2003,9.369738578796387,9.425504684448242,78418454,9.498106002807617,9.446549415588379,9.117454528808594
28-03-2003,9.34343433380127,9.432869911193848,43805837,9.46548843383789,9.394991874694824,9.067691802978516
31-03-2003,8.874157905578613,9.209806442260742,131734944,9.227693557739258,8.976221084594727,8.663509368896484
01-04-2003,8.99726390838623,9.049874305725098,76508150,9.141413688659668,9.061448097229004,8.745770454406738
02-04-2003,9.206649780273438,9.232954978942871,68359421,9.363426208496094,9.345539093017578,9.019963264465332
03-04-2003,9.323443412780762,9.413930892944336,63692957,9.478114128112793,9.380261421203613,9.053475379943848
04-04-2003,9.270833015441895,9.416034698486328,55032912,9.416034698486328,9.335017204284668,9.009807586669922
07-04-2003,9.376051902770996,9.568602561950684,64107331,9.618056297302246,9.380261421203613,9.053475379943848
08-04-2003,9.32239055633545,9.401305198669434,51417590,9.425504684448242,9.393939018249512,9.066676139831543
09-04-2003,9.101430892944336,9.389731407165527,89068637,9.39183521270752,9.149831771850586,8.831072807312012
10-04-2003,9.1550931930542,9.188762664794922,57215030,9.349746704101562,9.33291244506836,9.007776260375977
11-04-2003,9.200337409973145,9.344487190246582,42878246,9.40656566619873,9.289772987365723,8.966140747070312
14-04-2003,9.102482795715332,9.132996559143066,71663962,9.244528770446777,9.231902122497559,8.910284996032715
15-04-2003,9.167718887329102,9.184554100036621,56197152,9.298190116882324,9.277146339416504,8.95395278930664
16-04-2003,9.216119766235352,9.360268592834473,55970006,9.39183521270752,9.302398681640625,8.978325843811035
17-04-2003,9.265571594238281,9.283459663391113,70560547,9.51388931274414,9.490740776062012,9.160106658935547
21-04-2003,9.469696998596191,9.505471229553223,56794003,9.680134773254395,9.54861068725586,9.215960502624512
22-04-2003,9.321337699890137,9.432869911193848,113591808,9.448653221130371,9.387625694274902,9.06058406829834
23-04-2003,9.734848022460938,9.842171669006348,170541677,9.97264289855957,9.92424201965332,9.578502655029297
24-04-2003,9.846380233764648,9.890571594238281,58902941,9.9957914352417,9.95791244506836,9.611002922058105
25-04-2003,9.769571304321289,9.785353660583496,73787155,9.894781112670898,9.834806442260742,9.492185592651367
28-04-2003,9.739056587219238,9.79587459564209,58137869,9.889519691467285,9.849536895751953,9.506403923034668
29-04-2003,9.67066478729248,9.839015007019043,53291779,9.851640701293945,9.753787994384766,9.413989067077637
30-04-2003,9.68118667602539,9.702231407165527,54426557,9.846380233764648,9.775883674621582,9.435315132141113
01-05-2003,9.694865226745605,9.720117568969727,48779280,9.806397438049316,9.753787994384766,9.413989067077637
02-05-2003,9.705387115478516,9.70854377746582,65630822,10.036827087402344,10.02104377746582,9.6719331741333
05-05-2003,9.890571594238281,9.986322402954102,50167814,10.05892276763916,9.890571594238281,9.546008110046387
06-05-2003,9.8989896774292,9.908459663391113,63315648,10.077861785888672,10.03156566619873,9.682090759277344
07-05-2003,9.890571594238281,9.974746704101562,42785107,10.007365226745605,9.920034408569336,9.574443817138672
08-05-2003,9.799032211303711,9.844276428222656,40217126,9.915824890136719,9.813762664794922,9.471874237060547
09-05-2003,9.7885103225708,9.873737335205078,40757904,9.981060981750488,9.961069107055664,9.614048957824707
12-05-2003,9.81270980834961,9.817971229553223,48531226,10.035774230957031,9.96843433380127,9.621159553527832
13-05-2003,9.931608200073242,9.948443412780762,107477885,10.305134773254395,10.256733894348145,9.8994140625
14-05-2003,10.153619766235352,10.293560981750488,56067898,10.35458755493164,10.272517204284668,9.914647102355957
15-05-2003,10.186237335205078,10.27462100982666,69344986,10.412458419799805,10.319865226745605,9.960346221923828
16-05-2003,10.289352416992188,10.310396194458008,87866381,10.5239896774292,10.436657905578613,10.07306957244873
19-05-2003,10.153619766235352,10.358796119689941,60148915,10.395623207092285,10.164140701293945,9.810046195983887
20-05-2003,10.07575798034668,10.180975914001465,60106147,10.336700439453125,10.28514289855957,9.926833152770996
21-05-2003,10.139941215515137,10.249368667602539,50893920,10.307238578796387,10.212541580200195,9.856761932373047
22-05-2003,10.170454978942871,10.215699195861816,49796208,10.456649780273438,10.454545021057129,10.090333938598633
23-05-2003,10.391413688659668,10.44823169708252,52445923,10.520833015441895,10.462963104248047,10.098458290100098
27-05-2003,10.373526573181152,10.404040336608887,111325104,10.874368667602539,10.842803001403809,10.465065002441406
28-05-2003,10.627103805541992,10.730218887329102,83835734,10.888047218322754,10.64604377746582,10.275161743164062
29-05-2003,10.456649780273438,10.663930892944336,63735725,10.708123207092285,10.537668228149414,10.170562744140625
30-05-2003,10.508207321166992,10.541876792907715,45412013,10.748106002807617,10.695496559143066,10.322891235351562
02-06-2003,10.442971229553223,10.7260103225708,54281146,10.758627891540527,10.460859298706055,10.096427917480469
03-06-2003,10.284090995788574,10.416666984558105,63642586,10.474536895751953,10.42087459564209,10.057836532592773
04-06-2003,10.366162300109863,10.37773609161377,85738435,10.833333015441895,10.800715446472168,10.424444198608398
05-06-2003,10.526094436645508,10.732322692871094,63486720,10.735480308532715,10.636573791503906,10.266022682189941
06-06-2003,10.13573169708252,10.730218887329102,86314378,10.743897438049316,10.203071594238281,9.84762191772461
09-06-2003,10.123106002807617,10.216751098632812,63260525,10.35037899017334,10.205177307128906,9.849654197692871
10-06-2003,10.136784553527832,10.243056297302246,46445098,10.243056297302246,10.207281112670898,9.851682662963867
11-06-2003,10.152566909790039,10.230428695678711,79260509,10.464015007019043,10.434554100036621,10.071039199829102
12-06-2003,10.506102561950684,10.557660102844238,74083680,10.658670425415039,10.611322402954102,10.241649627685547
13-06-2003,10.416666984558105,10.600799560546875,46563898,10.642887115478516,10.442971229553223,10.07916259765625
16-06-2003,10.474536895751953,10.558712005615234,66240979,10.710227012634277,10.695496559143066,10.322891235351562
17-06-2003,10.65235710144043,10.709175109863281,61600176,10.853324890136719,10.708123207092285,10.335079193115234
18-06-2003,10.626051902770996,10.663930892944336,74851603,10.92697811126709,10.818602561950684,10.441707611083984
19-06-2003,10.711278915405273,10.816497802734375,48332592,10.92066478729248,10.721800804138184,10.348278045654297
20-06-2003,10.67760944366455,10.819655418395996,67040266,10.84701156616211,10.723905563354492,10.350310325622559
23-06-2003,10.622896194458008,10.728114128112793,52687325,10.76388931274414,10.76388931274414,10.388898849487305
24-06-2003,10.674452781677246,10.751262664794922,54287798,10.850168228149414,10.7175931930542,10.344217300415039
25-06-2003,10.596590995788574,10.719696998596191,51496474,10.80913257598877,10.607112884521484,10.237586975097656
26-06-2003,10.585017204284668,10.637625694274902,59342976,10.900672912597656,10.850168228149414,10.472171783447266
27-06-2003,10.752314567565918,10.890151977539062,53484710,10.961700439453125,10.770201683044434,10.39499282836914
30-06-2003,10.742844581604004,10.871212005615234,62590493,11.128997802734375,10.942761421203613,10.561541557312012
01-07-2003,10.80176830291748,10.888047218322754,81109987,11.240530014038086,11.216329574584961,10.825580596923828
02-07-2003,11.187920570373535,11.251051902770996,82175386,11.55197811126709,11.496212005615234,11.095711708068848
03-07-2003,11.390993118286133,11.390993118286133,57687379,11.674032211303711,11.587753295898438,11.184065818786621
07-07-2003,11.700337409973145,11.727693557739258,66867293,12.014941215515137,11.985480308532715,11.567936897277832
08-07-2003,11.819233894348145,12.004419326782227,66990845,12.090699195861816,11.973905563354492,11.556763648986816
09-07-2003,11.849746704101562,11.88131332397461,78168499,12.150672912597656,12.083333015441895,11.662378311157227
10-07-2003,11.748737335205078,11.85395622253418,71907264,11.953913688659668,11.792928695678711,11.382091522216797
11-07-2003,11.731902122497559,11.801346778869629,53023766,11.921296119689941,11.897095680236816,11.482629776000977
14-07-2003,11.963383674621582,12.028619766235352,54190858,12.127525329589844,11.989688873291016,11.57199764251709
15-07-2003,11.848694801330566,12.064393997192383,45267552,12.084385871887207,11.903409004211426,11.488723754882812
16-07-2003,11.700337409973145,11.947601318359375,43687037,11.952861785888672,11.863426208496094,11.450133323669434
17-07-2003,11.511995315551758,11.759259223937988,53706154,11.823443412780762,11.596170425415039,11.192188262939453
18-07-2003,11.488846778869629,11.656145095825195,50141203,11.679292678833008,11.585647583007812,11.18203067779541
21-07-2003,11.489898681640625,11.57933521270752,39219206,11.689814567565918,11.685606002807617,11.278508186340332
22-07-2003,11.543560981750488,11.721380233764648,46268323,11.775041580200195,11.697179794311523,11.289676666259766
23-07-2003,11.795034408569336,11.861322402954102,55272413,12.095959663391113,12.009679794311523,11.591290473937988
24-07-2003,12.115950584411621,12.152777671813965,92151734,12.401094436645508,12.178030014038086,11.753774642944336
25-07-2003,11.480428695678711,11.57933521270752,124214429,11.818181991577148,11.80976390838623,11.398340225219727
28-07-2003,11.613004684448242,11.856060981750488,59653757,11.863426208496094,11.667718887329102,11.261242866516113
29-07-2003,11.322601318359375,11.57933521270752,85745088,11.605640411376953,11.37836742401123,10.981971740722656
30-07-2003,11.27104377746582,11.365740776062012,61368278,11.457281112670898,11.380471229553223,10.984002113342285
31-07-2003,11.274200439453125,11.460437774658203,66748493,11.483586311340332,11.289982795715332,10.896666526794434
01-08-2003,11.050084114074707,11.268939018249512,73894550,11.339435577392578,11.077441215515137,10.691530227661133
04-08-2003,10.711278915405273,11.032196998596191,100918224,11.06586742401123,10.875420570373535,10.496548652648926
05-08-2003,10.75336742401123,10.838594436645508,72068832,10.972222328186035,10.755471229553223,10.380776405334473
06-08-2003,10.59764289855957,10.75336742401123,89700653,10.951177597045898,10.67760944366455,10.305627822875977
07-08-2003,10.638677597045898,10.680766105651855,62073475,10.854376792907715,10.675504684448242,10.303596496582031
08-08-2003,10.494528770446777,10.748106002807617,72188582,10.795454978942871,10.574495315551758,10.20610523223877
11-08-2003,10.521885871887207,10.552398681640625,55223942,10.732322692871094,10.7175931930542,10.344217300415039
12-08-2003,10.606060981750488,10.728114128112793,53599709,10.88909912109375,10.88278579711914,10.503654479980469
13-08-2003,10.64604377746582,10.912246704101562,56654294,10.925926208496094,10.657617568969727,10.286333084106445
14-08-2003,10.655512809753418,10.658670425415039,38876112,10.819655418395996,10.805975914001465,10.429522514343262
15-08-2003,10.738636016845703,10.794402122497559,22797245,10.909090995788574,10.8449068069458,10.467096328735352
18-08-2003,10.911194801330566,10.919612884521484,70428442,11.390993118286133,11.390993118286133,10.994157791137695
19-08-2003,11.337331771850586,11.352062225341797,90935222,11.716119766235352,11.598274230957031,11.194217681884766
20-08-2003,11.492003440856934,11.498315811157227,55502410,11.705597877502441,11.611952781677246,11.207419395446777
21-08-2003,11.632996559143066,11.699284553527832,69245194,11.880261421203613,11.84764289855957,11.434900283813477
22-08-2003,11.669822692871094,11.925504684448242,61745587,12.012837409973145,11.677188873291016,11.270383834838867
25-08-2003,11.611952781677246,11.664562225341797,39236314,11.735058784484863,11.730850219726562,11.322175979614258
26-08-2003,11.603534698486328,11.703493118286133,49056797,11.831859588623047,11.801346778869629,11.390214920043945
27-08-2003,11.679292678833008,11.788721084594727,34747574,11.827651977539062,11.731902122497559,11.323190689086914
28-08-2003,11.406776428222656,11.74663257598877,67151462,11.763467788696289,11.523569107055664,11.122115135192871
29-08-2003,11.43729019165039,11.550926208496094,43582968,11.752945899963379,11.660353660583496,11.254134178161621
02-09-2003,11.500420570373535,11.862374305725098,52885958,11.872896194458008,11.521465301513672,11.120084762573242
03-09-2003,11.031145095825195,11.616162300109863,75516883,11.647727012634277,11.04587459564209,10.661064147949219
04-09-2003,10.694443702697754,11.012205123901367,78423206,11.32575798034668,11.283670425415039,10.89057445526123
05-09-2003,11.047980308532715,11.132155418395996,43503134,11.372054100036621,11.12163257598877,10.734180450439453
08-09-2003,10.942761421203613,11.155303001403809,44709667,11.3425931930542,11.010101318359375,10.626534461975098
09-09-2003,10.633418083190918,10.915404319763184,61514640,10.984848022460938,10.704965591430664,10.332029342651367
10-09-2003,10.612374305725098,10.658670425415039,60548083,11.037458419799805,10.818602561950684,10.441707611083984
11-09-2003,10.837541580200195,10.942761421203613,36801864,11.047980308532715,10.879630088806152,10.5006103515625
12-09-2003,10.732322692871094,10.894359588623047,34917221,11.079545021057129,11.07323169708252,10.687467575073242
15-09-2003,11.153199195861816,11.237374305725098,49102416,11.401515007019043,11.338383674621582,10.943381309509277
16-09-2003,11.300504684448242,11.361532211303711,37789330,11.595117568969727,11.553030014038086,11.150550842285156
17-09-2003,11.42676830291748,11.529882431030273,32865307,11.68770980834961,11.565656661987305,11.162736892700195
18-09-2003,11.43729019165039,11.540404319763184,38446056,11.723484992980957,11.700337409973145,11.292725563049316
19-09-2003,11.521465301513672,11.763467788696289,42082286,11.994949340820312,11.555134773254395,11.152581214904785
22-09-2003,11.264731407165527,11.395201683044434,42626390,11.430975914001465,11.386784553527832,10.990097999572754
23-09-2003,11.386784553527832,11.475168228149414,38613326,11.689814567565918,11.649831771850586,11.243979454040527
24-09-2003,11.508837699890137,11.734006881713867,64748376,12.047558784484863,11.531987190246582,11.130240440368652
25-09-2003,11.473064422607422,11.582491874694824,50540371,11.94023609161377,11.67087459564209,11.264289855957031
26-09-2003,11.382575988769531,11.626684188842773,36384638,11.738215446472168,11.409933090209961,11.012439727783203
29-09-2003,11.43729019165039,11.563551902770996,31540925,11.73611068725586,11.710859298706055,11.302882194519043
30-09-2003,11.216329574584961,11.664562225341797,43697966,11.679292678833008,11.28787899017334,10.894636154174805
01-10-2003,11.037458419799805,11.264731407165527,65174630,11.521465301513672,11.510943412780762,11.109930992126465
02-10-2003,11.428872108459473,11.460437774658203,32443330,11.651935577392578,11.595117568969727,11.191171646118164
03-10-2003,11.752945899963379,11.801346778869629,61620134,12.226430892944336,12.068602561950684,11.648161888122559
06-10-2003,11.9675931930542,12.173822402954102,25310102,12.188551902770996,12.129630088806152,11.707063674926758
07-10-2003,11.889731407165527,11.999157905578613,35322091,12.144359588623047,12.077019691467285,11.656285285949707
08-10-2003,12.053872108459473,12.131733894348145,55203509,12.47895622253418,12.304292678833008,11.875638961791992
09-10-2003,12.539982795715332,12.607322692871094,66547008,12.962963104248047,12.678872108459473,12.237171173095703
10-10-2003,12.539982795715332,12.689393997192383,26857354,12.731480598449707,12.723064422607422,12.27982234954834
13-10-2003,12.053872108459473,12.325337409973145,71784662,12.46843433380127,12.413721084594727,11.981257438659668
14-10-2003,12.310606002807617,12.335859298706055,35658533,12.5,12.316919326782227,11.88782787322998
15-10-2003,12.083333015441895,12.46843433380127,37125475,12.470539093017578,12.121212005615234,11.698938369750977
16-10-2003,12.060185432434082,12.087541580200195,66577421,12.268519401550293,12.100168228149414,11.678627967834473
17-10-2003,11.300504684448242,11.449915885925293,161624549,11.588805198669434,11.544612884521484,11.142425537109375
20-10-2003,11.513047218322754,11.525672912597656,58995130,11.963383674621582,11.910774230957031,11.495831489562988
21-10-2003,11.7824068069458,11.849746704101562,43840051,11.988636016845703,11.875,11.4613037109375
22-10-2003,11.574073791503906,11.637205123901367,35421883,11.727693557739258,11.696127891540527,11.28866195678711
23-10-2003,11.319443702697754,11.553030014038086,46667016,11.645623207092285,11.422558784484863,11.024625778198242
24-10-2003,11.216329574584961,11.355218887329102,37189627,11.563551902770996,11.561448097229004,11.158673286437988
27-10-2003,11.622474670410156,11.752945899963379,32495602,11.81607723236084,11.757155418395996,11.347564697265625
28-10-2003,11.752945899963379,11.85395622253418,48272242,12.106480598449707,12.106480598449707,11.68471908569336
29-10-2003,11.86447811126709,12.045454978942871,44015875,12.180134773254395,12.037036895751953,11.617694854736328
30-10-2003,11.942339897155762,12.245369911193848,46719763,12.302188873291016,11.980218887329102,11.562856674194336
31-10-2003,11.763467788696289,12.009679794311523,28096675,12.095959663391113,11.769781112670898,11.359750747680664
03-11-2003,11.68770980834961,11.734006881713867,38731651,12.123315811157227,12.102272987365723,11.680659294128418
04-11-2003,11.994949340820312,12.04124641418457,32860080,12.325337409973145,12.152777671813965,11.729403495788574
05-11-2003,11.931818008422852,12.070707321166992,28616544,12.146465301513672,12.058080673217773,11.638007164001465
06-11-2003,11.681397438049316,12.022306442260742,35755949,12.072811126708984,11.767677307128906,11.357720375061035
07-11-2003,11.801346778869629,11.90235710144043,29916216,11.986532211303711,11.811868667602539,11.400371551513672
10-11-2003,11.481480598449707,11.84764289855957,27329702,11.89183521270752,11.515151977539062,11.113992691040039
11-11-2003,11.365740776062012,11.498315811157227,37053245,11.637205123901367,11.390993118286133,10.994157791137695
12-11-2003,11.384679794311523,11.42676830291748,38709792,11.681397438049316,11.677188873291016,11.270383834838867
13-11-2003,11.626684188842773,11.702441215515137,33245942,11.900253295898438,11.83291244506836,11.420681953430176
14-11-2003,11.418350219726562,11.763467788696289,37233346,11.83080768585205,11.443602561950684,11.04493522644043
17-11-2003,11.047980308532715,11.357322692871094,46337227,11.531987190246582,11.21212100982666,10.821516990661621
18-11-2003,10.75336742401123,11.329965591430664,54416578,11.363636016845703,10.755471229553223,10.380776405334473
19-11-2003,10.654460906982422,10.818602561950684,63397382,11.247896194458008,11.161616325378418,10.772772789001465
20-11-2003,10.879630088806152,10.978534698486328,45392054,11.19739055633545,10.949073791503906,10.567636489868164
21-11-2003,10.67971420288086,11.060606002807617,49243075,11.069024085998535,10.911194801330566,10.531074523925781
24-11-2003,10.970117568969727,11.033248901367188,51632381,11.527777671813965,11.477272987365723,11.077431678771973
25-11-2003,11.479376792907715,11.504630088806152,44902123,11.765571594238281,11.630891799926758,11.225699424743652
26-11-2003,11.489898681640625,11.603534698486328,31473922,11.824495315551758,11.700337409973145,11.292725563049316
28-11-2003,11.68770980834961,11.70875358581543,10337976,11.792928695678711,11.761363983154297,11.3516263961792
01-12-2003,11.763467788696289,11.84764289855957,39282883,12.01388931274414,11.971800804138184,11.554732322692871
02-12-2003,11.862374305725098,11.898147583007812,28548115,12.00336742401123,11.88131332397461,11.467395782470703
03-12-2003,11.599327087402344,11.8707914352417,31229194,11.938131332397461,11.624579429626465,11.21960735321045
04-12-2003,11.502525329589844,11.597222328186035,26844523,11.811868667602539,11.765571594238281,11.355688095092773
05-12-2003,11.601430892944336,11.696127891540527,28427414,11.91708755493164,11.763467788696289,11.353658676147461
08-12-2003,11.517255783081055,11.704545021057129,27788746,11.86868667602539,11.72558879852295,11.317097663879395
09-12-2003,11.523569107055664,11.704545021057129,32238043,11.85816478729248,11.542508125305176,11.140395164489746
10-12-2003,11.475168228149414,11.626684188842773,35673264,11.731902122497559,11.658248901367188,11.252102851867676
11-12-2003,11.593012809753418,11.645623207092285,42327490,12.114898681640625,12.077019691467285,11.656285285949707
12-12-2003,11.914982795715332,12.060185432434082,34021944,12.178030014038086,12.138047218322754,11.71518611907959
15-12-2003,11.997054100036621,12.327441215515137,41537232,12.415824890136719,12.05176830291748,11.631914138793945
16-12-2003,11.89604377746582,11.994949340820312,35160048,12.194865226745605,12.119108200073242,11.696907043457031
17-12-2003,11.944443702697754,12.060185432434082,23038171,12.129630088806152,12.055975914001465,11.635973930358887
18-12-2003,12.089646339416504,12.100168228149414,55169770,12.626262664794922,12.626262664794922,12.186392784118652
19-12-2003,12.539982795715332,12.645201683044434,58887734,12.941919326782227,12.914562225341797,12.46465015411377
22-12-2003,12.853534698486328,12.904040336608887,50923382,13.244949340820312,13.192339897155762,12.732748985290527
23-12-2003,13.078703880310059,13.234428405761719,42261912,13.503787994384766,13.413299560546875,12.946011543273926
24-12-2003,13.345959663391113,13.354376792907715,15197371,13.566919326782227,13.472222328186035,13.00288200378418
26-12-2003,13.289140701293945,13.482744216918945,15274354,13.636363983154297,13.341751098632812,12.876955032348633
29-12-2003,13.230218887329102,13.341751098632812,27391478,13.524831771850586,13.501684188842773,13.031316757202148
30-12-2003,13.364898681640625,13.396465301513672,19303574,13.56270980834961,13.526935577392578,13.055688858032227
31-12-2003,13.396465301513672,13.560606002807617,25583818,13.609006881713867,13.596380233764648,13.122714042663574
02-01-2004,13.171296119689941,13.543770790100098,43278840,13.678450584411621,13.257575988769531,12.795713424682617
05-01-2004,13.249157905578613,13.322811126708984,62676504,13.667928695678711,13.598484992980957,13.124746322631836
06-01-2004,13.539562225341797,13.627945899963379,40537411,13.813131332397461,13.71212100982666,13.234423637390137
07-01-2004,13.516413688659668,13.69528579711914,30769675,13.752103805541992,13.720539093017578,13.242548942565918
08-01-2004,13.516413688659668,13.758418083190918,38499278,13.890993118286133,13.558502197265625,13.086158752441406
09-01-2004,13.327019691467285,13.556397438049316,32803531,13.571127891540527,13.341751098632812,12.876955032348633
12-01-2004,13.209175109863281,13.377525329589844,30862339,13.499579429626465,13.489056587219238,13.019128799438477
13-01-2004,13.442761421203613,13.461700439453125,42584573,13.853114128112793,13.80260944366455,13.321759223937988
14-01-2004,13.741581916809082,13.752103805541992,30684614,13.973064422607422,13.87836742401123,13.394879341125488
15-01-2004,13.6489896774292,13.76683521270752,44629834,14.18770980834961,14.021465301513672,13.532990455627441
16-01-2004,13.890993118286133,14.109848022460938,33366643,14.156145095825195,14.084595680236816,13.593920707702637
20-01-2004,13.800504684448242,14.069865226745605,29017138,14.086700439453125,13.82575798034668,13.34410285949707
21-01-2004,13.520623207092285,13.796296119689941,52552368,13.813131332397461,13.547980308532715,13.07600212097168
22-01-2004,14.031987190246582,14.135101318359375,86463115,14.663299560546875,14.587541580200195,14.079346656799316
23-01-2004,14.35816478729248,14.570707321166992,39089952,14.629630088806152,14.593854904174805,14.085440635681152
26-01-2004,14.120369911193848,14.126684188842773,65890757,14.457071304321289,14.42760944366455,13.9249849319458
27-01-2004,14.204545021057129,14.414982795715332,32817787,14.518097877502441,14.204545021057129,13.70969295501709
28-01-2004,13.88888931274414,14.227693557739258,33952565,14.29924201965332,14.019359588623047,13.530957221984863
29-01-2004,13.70580768585205,14.059343338012695,42588374,14.202441215515137,14.118266105651855,13.626418113708496
30-01-2004,13.880471229553223,14.046716690063477,37087459,14.278199195861816,14.084595680236816,13.593920707702637
02-02-2004,13.785774230957031,14.036194801330566,29671963,14.137205123901367,13.80892276763916,13.327853202819824
03-02-2004,13.594276428222656,13.783670425415039,28358510,13.880471229553223,13.693181991577148,13.216143608093262
04-02-2004,13.594276428222656,13.644781112670898,33177038,14.015151977539062,13.779460906982422,13.299417495727539
05-02-2004,13.762625694274902,13.783670425415039,33235488,14.212963104248047,14.147727012634277,13.654854774475098
06-02-2004,14.013047218322754,14.120369911193848,23238230,14.278199195861816,14.259259223937988,13.76249885559082
09-02-2004,14.124579429626465,14.229798316955566,19883318,14.345539093017578,14.210859298706055,13.715786933898926
10-02-2004,14.065656661987305,14.204545021057129,16057958,14.2824068069458,14.179292678833008,13.685319900512695
11-02-2004,14.162458419799805,14.164562225341797,31525243,14.564393997192383,14.547558784484863,14.04075813293457
12-02-2004,14.452861785888672,14.473905563354492,27418090,14.720117568969727,14.564393997192383,14.057005882263184
13-02-2004,14.318181991577148,14.54124641418457,25785778,14.709595680236816,14.436026573181152,13.93310832977295
17-02-2004,14.4675931930542,14.511784553527832,18511891,14.625420570373535,14.56229019165039,14.054975509643555
18-02-2004,14.33291244506836,14.488636016845703,19522642,14.530723571777344,14.41919231414795,13.916861534118652
19-02-2004,14.377103805541992,14.56229019165039,22812451,14.730640411376953,14.400253295898438,13.898584365844727
20-02-2004,14.34764289855957,14.51388931274414,29791238,14.656987190246582,14.577019691467285,14.069190979003906
23-02-2004,14.175084114074707,14.522306442260742,32226638,14.604376792907715,14.252945899963379,13.756407737731934
24-02-2004,14.132996559143066,14.22558879852295,33664118,14.51388931274414,14.139309883117676,13.646730422973633
25-02-2004,13.933080673217773,14.227693557739258,32195750,14.240320205688477,14.141413688659668,13.648761749267578
26-02-2004,14.135101318359375,14.212963104248047,27617198,14.444443702697754,14.421296119689941,13.918893814086914
27-02-2004,14.29924201965332,14.35395622253418,24496560,14.494949340820312,14.457071304321289,13.953421592712402
01-03-2004,14.3792085647583,14.41708755493164,20381328,14.591751098632812,14.568602561950684,14.061067581176758
02-03-2004,14.288721084594727,14.537036895751953,20407464,14.625420570373535,14.29924201965332,13.801090240478516
03-03-2004,14.101430892944336,14.24663257598877,22445597,14.292928695678711,14.223484992980957,13.727974891662598
04-03-2004,14.166666984558105,14.223484992980957,15124666,14.345539093017578,14.2824068069458,13.784842491149902
05-03-2004,14.114056587219238,14.143519401550293,38604298,14.686448097229004,14.585437774658203,14.077316284179688
08-03-2004,14.490740776062012,14.56229019165039,68167915,15.159933090209961,14.694865226745605,14.182930946350098
09-03-2004,14.56229019165039,14.635943412780762,40797821,14.880050659179688,14.749579429626465,14.235739707946777
10-03-2004,14.398147583007812,14.709595680236816,42957605,14.739056587219238,14.408670425415039,13.906705856323242
11-03-2004,14.162458419799805,14.30976390838623,44097134,14.4760103225708,14.191919326782227,13.697507858276367
12-03-2004,14.206649780273438,14.217171669006348,29316038,14.55176830291748,14.547558784484863,14.04075813293457
15-03-2004,14.231902122497559,14.583333015441895,29832581,14.617003440856934,14.271885871887207,13.774685859680176
16-03-2004,14.151935577392578,14.389731407165527,30367656,14.414982795715332,14.292928695678711,13.794997215270996
17-03-2004,14.240320205688477,14.335017204284668,27773064,14.648569107055664,14.646465301513672,14.136219024658203
18-03-2004,14.41708755493164,14.547558784484863,24769325,14.606480598449707,14.591751098632812,14.083410263061523
19-03-2004,14.35816478729248,14.46548843383789,32799254,14.642255783081055,14.372896194458008,13.87217903137207
22-03-2004,13.69528579711914,14.265571594238281,48366806,14.30976390838623,13.897306442260742,13.413156509399414
23-03-2004,13.634259223937988,13.979376792907715,44005421,14.008837699890137,13.79208755493164,13.311603546142578
24-03-2004,13.70159912109375,13.79840087890625,38170915,14.019359588623047,13.939393997192383,13.453779220581055
25-03-2004,13.907828330993652,14.057238578796387,33884136,14.257155418395996,14.231902122497559,13.73609733581543
26-03-2004,14.057238578796387,14.172980308532715,25223616,14.257155418395996,14.057238578796387,13.567517280578613
29-03-2004,14.183502197265625,14.202441215515137,30379061,14.41287899017334,14.39604377746582,13.89452075958252
30-03-2004,14.290824890136719,14.33291244506836,29843986,14.705387115478516,14.701177597045898,14.1890230178833
31-03-2004,14.558080673217773,14.730640411376953,29044224,14.757996559143066,14.57912540435791,14.071224212646484
01-04-2004,14.532828330993652,14.534933090209961,66109824,15.20412540435791,15.20412540435791,14.67444896697998
02-04-2004,15.311448097229004,15.418770790100098,40343530,15.59343433380127,15.5239896774292,14.983171463012695
05-04-2004,15.427188873291016,15.5239896774292,19399565,15.654460906982422,15.599746704101562,15.05628776550293
06-04-2004,15.425084114074707,15.481902122497559,24369206,15.654460906982422,15.59343433380127,15.050198554992676
07-04-2004,15.481902122497559,15.616581916809082,29178230,15.730218887329102,15.551346778869629,15.009574890136719
08-04-2004,15.75336742401123,15.902777671813965,36501538,16.039562225341797,15.980640411376953,15.423912048339844
12-04-2004,15.854376792907715,15.991162300109863,25013578,16.10479736328125,16.035354614257812,15.476720809936523
13-04-2004,15.58712100982666,16.119529724121094,33206026,16.136363983154297,15.71548843383789,15.167998313903809
14-04-2004,15.530303001403809,15.57239055633545,27433296,15.949073791503906,15.795454978942871,15.245180130004883
15-04-2004,15.751262664794922,15.875420570373535,27624326,15.991162300109863,15.858586311340332,15.306111335754395
16-04-2004,15.660774230957031,15.936448097229004,28628424,15.938551902770996,15.75336742401123,15.204558372497559
19-04-2004,15.70075798034668,15.793350219726562,27742651,16.024831771850586,15.993266105651855,15.436098098754883
20-04-2004,15.557660102844238,16.039562225341797,35006558,16.178451538085938,15.56607723236084,15.023792266845703
21-04-2004,15.439814567565918,15.694443702697754,53064634,15.75336742401123,15.736532211303711,15.188308715820312
22-04-2004,15.995369911193848,16.348905563354492,124351762,17.497896194458008,17.380050659179688,16.77457046508789
23-04-2004,17.085437774658203,17.1738224029541,49155163,17.44528579711914,17.285354614257812,16.68317413330078
26-04-2004,16.81397247314453,16.851852416992188,46547266,17.35479736328125,17.16750717163086,16.569433212280273
27-04-2004,17.085437774658203,17.108585357666016,73330963,17.834596633911133,17.66624641418457,17.050796508789062
28-04-2004,17.45159912109375,17.61153221130371,45566928,17.813552856445312,17.52735710144043,16.916746139526367
29-04-2004,17.09596061706543,17.518938064575195,49812365,17.739898681640625,17.262205123901367,16.660831451416016
30-04-2004,16.788721084594727,17.224327087402344,49733006,17.38215446472168,16.84132957458496,16.25461769104004
03-05-2004,16.696128845214844,16.727693557739258,41881752,17.285354614257812,17.224327087402344,16.624271392822266
04-05-2004,17.093854904174805,17.199073791503906,44377978,17.53998374938965,17.40951156616211,16.803003311157227
05-05-2004,17.30008316040039,17.422138214111328,26919605,17.56102752685547,17.43897247314453,16.83144187927246
06-05-2004,16.84132957458496,17.274831771850586,41381366,17.39057159423828,17.039140701293945,16.445539474487305
07-05-2004,16.782407760620117,16.92971420288086,33359990,17.241161346435547,16.797138214111328,16.21196746826172
10-05-2004,16.172138214111328,16.498315811157227,63853574,16.685606002807617,16.315235137939453,15.74685287475586
11-05-2004,16.502525329589844,16.502525329589844,37776499,16.83501625061035,16.807659149169922,16.222122192382812
12-05-2004,16.315235137939453,16.752946853637695,48064579,17.02020263671875,16.99915885925293,16.406949996948242
13-05-2004,16.643518447875977,16.73821449279785,43936517,16.91077423095703,16.71506690979004,16.13275146484375
14-05-2004,16.424663543701172,16.719276428222656,39345134,16.845539093017578,16.614057540893555,16.035263061523438
17-05-2004,16.31944465637207,16.376262664794922,30280694,16.546716690063477,16.485689163208008,15.911368370056152
18-05-2004,16.578283309936523,16.662458419799805,24932318,16.748737335205078,16.641414642333984,16.061668395996094
19-05-2004,16.643518447875977,16.864477157592773,39829838,17.043350219726562,16.685606002807617,16.104320526123047
20-05-2004,16.660354614257812,16.717172622680664,33011669,16.93181800842285,16.849746704101562,16.26274299621582
21-05-2004,16.7866153717041,16.940235137939453,30263112,16.95707130432129,16.906566619873047,16.317583084106445
24-05-2004,16.95075798034668,16.982322692871094,50446282,17.46422576904297,17.27903938293457,16.677078247070312
25-05-2004,17.245370864868164,17.31902313232422,53961336,18.009258270263672,17.956649780273438,17.331083297729492
26-05-2004,17.864057540893555,17.878787994384766,45431021,18.253366470336914,18.192340850830078,17.558565139770508
27-05-2004,18.143938064575195,18.30597686767578,48182904,18.57744026184082,18.52903938293457,17.883533477783203
28-05-2004,18.413299560546875,18.556396484375,41124283,18.89520263671875,18.68686866760254,18.03586196899414
01-06-2004,18.356481552124023,18.470117568969727,49381358,18.890993118286133,18.88257598876953,18.22475242614746
02-06-2004,18.672138214111328,18.93729019165039,39168835,18.981481552124023,18.70791244506836,18.056175231933594
03-06-2004,18.40909194946289,18.59006690979004,38488824,18.70791244506836,18.434343338012695,17.792133331298828
04-06-2004,18.369108200073242,18.61321449279785,40861973,18.747896194458008,18.535354614257812,17.889629364013672
07-06-2004,18.476430892944336,18.6616153717041,37065125,18.724746704101562,18.615320205688477,17.966808319091797
08-06-2004,18.49326515197754,18.52062225341797,28091448,18.73526954650879,18.72895622253418,18.076486587524414
09-06-2004,18.120790481567383,18.552188873291016,40629600,18.71001625061035,18.162879943847656,17.530128479003906
10-06-2004,18.08501625061035,18.23653221130371,31364150,18.419612884521484,18.392255783081055,17.75151252746582
14-06-2004,17.891414642333984,18.244949340820312,34399728,18.29124641418457,18.01557159423828,17.387950897216797
15-06-2004,18.17340087890625,18.18181800842285,34555594,18.491161346435547,18.40277862548828,17.761669158935547
16-06-2004,18.320707321166992,18.398569107055664,18897278,18.531145095825195,18.491161346435547,17.846975326538086
17-06-2004,18.16498374938965,18.516414642333984,27794448,18.539562225341797,18.276514053344727,17.639802932739258
18-06-2004,18.17340087890625,18.27020263671875,33028301,18.40909194946289,18.202861785888672,17.56871795654297
21-06-2004,18.021886825561523,18.238636016845703,30203237,18.358585357666016,18.057659149169922,17.42857551574707
22-06-2004,17.72937774658203,17.9229793548584,50254776,18.35227394104004,18.35227394104004,17.71292495727539
23-06-2004,18.26388931274414,18.339645385742188,39378874,18.594276428222656,18.592172622680664,17.94446563720703
24-06-2004,18.571128845214844,18.61742401123047,30847133,18.78998374938965,18.67424201965332,18.023677825927734
25-06-2004,18.67424201965332,18.68897247314453,64453752,19.259258270263672,19.09090805053711,18.425827026367188
28-06-2004,19.15403938293457,19.231901168823242,62821440,19.808502197265625,19.530723571777344,18.85032081604004
29-06-2004,19.20244026184082,19.41077423095703,39691080,19.526514053344727,19.322391510009766,18.649246215820312
30-06-2004,19.158248901367188,19.42971420288086,40303613,19.54755973815918,19.349746704101562,18.675647735595703
01-07-2004,18.960437774658203,19.364477157592773,31203058,19.398147583007812,19.063552856445312,18.399423599243164
02-07-2004,18.81944465637207,18.996212005615234,25156138,19.225589752197266,19.206649780273438,18.53753662109375
06-07-2004,18.773147583007812,19.168771743774414,27390053,19.185606002807617,18.905723571777344,18.247095108032227
07-07-2004,18.150253295898438,18.455387115478516,49151362,18.594276428222656,18.280723571777344,17.643863677978516
08-07-2004,17.27903938293457,17.462120056152344,72285523,17.87457847595215,17.603113174438477,16.9898624420166
09-07-2004,17.386363983154297,17.830387115478516,42353150,17.878787994384766,17.630470275878906,17.016267776489258
12-07-2004,17.344276428222656,17.56102752685547,34500946,17.765151977539062,17.708332061767578,17.09141731262207
13-07-2004,17.5084171295166,17.790403366088867,23211619,17.824073791503906,17.546295166015625,16.935022354125977
14-07-2004,17.428451538085938,17.462120056152344,35753098,17.94402313232422,17.628366470336914,17.01423454284668
15-07-2004,17.428451538085938,17.685184478759766,25124299,17.748315811157227,17.56313133239746,16.951274871826172
16-07-2004,16.843433380126953,17.716751098632812,63328003,17.737794876098633,16.91077423095703,16.321640014648438
19-07-2004,16.25,16.89604377746582,70912670,16.91077423095703,16.519359588623047,15.943867683410645
20-07-2004,16.517255783081055,16.546716690063477,49114771,16.93602752685547,16.824495315551758,16.238370895385742
21-07-2004,16.119529724121094,16.93813133239746,73655050,16.93813133239746,16.119529724121094,15.557964324951172
22-07-2004,15.035774230957031,15.145201683044434,150320016,16.28998374938965,16.28577423095703,15.718417167663574
23-07-2004,15.67760944366455,16.220539093017578,50645390,16.2415828704834,15.784933090209961,15.235024452209473
26-07-2004,15.42087459564209,15.740740776062012,49983912,15.833333015441895,15.6292085647583,15.084723472595215
27-07-2004,15.711278915405273,15.755471229553223,71611214,16.59722137451172,16.510942459106445,15.935742378234863
28-07-2004,16.205808639526367,16.433080673217773,55680134,16.70244026184082,16.580387115478516,16.002765655517578
29-07-2004,16.510942459106445,16.809764862060547,40888584,16.906566619873047,16.723485946655273,16.140880584716797
30-07-2004,16.397306442260742,16.670875549316406,30455093,16.70244026184082,16.483585357666016,15.90933895111084
02-08-2004,16.296295166015625,16.296295166015625,27634781,16.668771743774414,16.656145095825195,16.075883865356445
03-08-2004,16.127946853637695,16.559343338012695,32716570,16.752946853637695,16.220539093017578,15.6554536819458
04-08-2004,15.862794876098633,16.092172622680664,53963712,16.378366470336914,15.951177597045898,15.395477294921875
05-08-2004,15.509259223937988,16.035354614257812,49752014,16.073232650756836,15.528199195861816,14.98723316192627
06-08-2004,15.271465301513672,15.366162300109863,66884400,15.909090995788574,15.521885871887207,14.981142044067383
09-08-2004,15.324073791503906,15.591329574584961,34363613,15.698653221130371,15.355640411376953,14.820688247680664
10-08-2004,15.439814567565918,15.439814567565918,48458995,15.953283309936523,15.938551902770996,15.383291244506836
11-08-2004,15.625,15.713383674621582,51350112,16.155302047729492,16.073232650756836,15.513278007507324
12-08-2004,15.946969985961914,15.949073791503906,59319216,16.4520206451416,16.31102752685547,15.742790222167969
13-08-2004,16.02903938293457,16.38888931274414,39766637,16.39520263671875,16.279460906982422,15.712324142456055
16-08-2004,16.321548461914062,16.33207130432129,34360286,16.685606002807617,16.565656661987305,15.988546371459961
17-08-2004,16.56986427307129,16.620370864868164,41438866,16.822391510009766,16.744529724121094,16.161191940307617
18-08-2004,16.481481552124023,16.565656661987305,45734674,16.83501625061035,16.816076278686523,16.23024559020996
19-08-2004,16.565656661987305,16.78451156616211,43595323,16.990741729736328,16.767677307128906,16.18353271484375
20-08-2004,16.656145095825195,16.700336456298828,44361821,17.239057540893555,17.123315811157227,16.526782989501953
23-08-2004,17.175926208496094,17.22222137451172,39132245,17.468433380126953,17.329544067382812,16.725826263427734
24-08-2004,17.36321449279785,17.434764862060547,47385994,17.651514053344727,17.649410247802734,17.034547805786133
25-08-2004,17.45159912109375,17.63257598876953,47968589,18.09764289855957,18.026094436645508,17.398109436035156
26-08-2004,17.916667938232422,18.002946853637695,44607974,18.198652267456055,18.183923721313477,17.550439834594727
27-08-2004,18.005050659179688,18.18181800842285,30347222,18.280723571777344,18.078704833984375,17.448883056640625
30-08-2004,17.89772605895996,17.967172622680664,27393379,18.171295166015625,17.994529724121094,17.36764144897461
31-08-2004,17.929292678833008,17.941919326782227,34089422,18.217592239379883,18.211278915405273,17.57684326171875
01-09-2004,18.06397247314453,18.171295166015625,46646582,18.46590805053711,18.440656661987305,17.798227310180664
02-09-2004,18.43013572692871,18.474327087402344,49875091,18.912036895751953,18.844697952270508,18.188194274902344
03-09-2004,18.71001625061035,18.760522842407227,36937296,19.025672912597656,18.808923721313477,18.15366554260254
07-09-2004,18.57744026184082,18.8468017578125,48278419,19.03409194946289,18.75,18.0967960357666
08-09-2004,18.66792869567871,18.720539093017578,43343942,18.928871154785156,18.75,18.0967960357666
09-09-2004,18.255470275878906,18.77735710144043,46965917,18.79208755493164,18.49957847595215,17.8550968170166
10-09-2004,18.339645385742188,18.440656661987305,42623539,18.960437774658203,18.954124450683594,18.293807983398438
13-09-2004,18.981481552124023,19.00673484802246,60923966,19.40235710144043,19.38131332397461,18.706117630004883
14-09-2004,19.29924201965332,19.419191360473633,77802120,19.86742401123047,19.86742401123047,19.17529296875
15-09-2004,19.60227394104004,19.776935577392578,49711147,19.949495315551758,19.791667938232422,19.1021728515625
16-09-2004,19.412879943847656,19.804292678833008,70472160,20.178871154785156,19.42971420288086,18.75282859802246
17-09-2004,19.11826515197754,19.32659912109375,62674603,19.60227394104004,19.591751098632812,18.909221649169922
20-09-2004,19.183502197265625,19.421295166015625,50098435,19.671716690063477,19.231901168823242,18.56191062927246
21-09-2004,18.94991683959961,19.234006881713867,47237256,19.259258270263672,19.0761775970459,18.41160774230957
22-09-2004,18.634258270263672,18.954124450683594,45156355,19.050926208496094,18.682659149169922,18.03179931640625
23-09-2004,18.655302047729492,18.724746704101562,42726658,19.023569107055664,18.960437774658203,18.299901962280273
24-09-2004,18.70791244506836,18.97096061706543,35581550,19.061447143554688,18.775253295898438,18.121170043945312
27-09-2004,18.636363983154297,18.6531982421875,35013686,18.924663543701172,18.672138214111328,18.021644592285156
28-09-2004,18.486953735351562,18.75,57726821,19.095117568969727,18.989898681640625,18.328336715698242
29-09-2004,18.962541580200195,19.019359588623047,52364189,19.46548843383789,19.393938064575195,18.718297958374023
30-09-2004,19.093013763427734,19.377103805541992,47356056,19.494949340820312,19.34764289855957,18.673616409301758
01-10-2004,19.160354614257812,19.48653221130371,63596966,19.566497802734375,19.452861785888672,18.775169372558594
04-10-2004,19.454965591430664,19.490741729736328,48323563,19.884258270263672,19.70749282836914,19.020931243896484
05-10-2004,19.549663543701172,19.665403366088867,28700179,19.814815521240234,19.753787994384766,19.065614700317383
06-10-2004,19.844276428222656,19.898990631103516,57495398,20.366161346435547,20.328283309936523,19.620094299316406
07-10-2004,19.96632957458496,20.336700439453125,46655611,20.343013763427734,19.989477157592773,19.2930908203125
08-10-2004,19.36026954650879,19.896886825561523,40796870,19.928451538085938,19.48442840576172,18.805635452270508
11-10-2004,19.478113174438477,19.530723571777344,23782810,19.768518447875977,19.724327087402344,19.037179946899414
12-10-2004,19.36237335205078,19.568603515625,39376022,19.760101318359375,19.6738224029541,18.988435745239258
13-10-2004,19.755891799926758,20.03577423095703,49757242,20.149410247802734,19.898990631103516,19.20575714111328
14-10-2004,19.852693557739258,19.865320205688477,40326422,20.208332061767578,20.09048843383789,19.39058494567871
15-10-2004,19.656986236572266,20.216751098632812,46430366,20.22727394104004,19.730640411376953,19.043272018432617
18-10-2004,19.448652267456055,19.619108200073242,39217781,19.947391510009766,19.93055534362793,19.23621940612793
19-10-2004,19.391834259033203,20.025253295898438,44841298,20.02735710144043,19.454965591430664,18.77720069885254
20-10-2004,19.031986236572266,19.38131332397461,70062062,19.48442840576172,19.225589752197266,18.555818557739258
21-10-2004,20.214645385742188,20.599746704101562,148832640,21.081649780273438,20.95749282836914,20.227384567260742
22-10-2004,20.15993309020996,21.433080673217773,83178533,21.489898681640625,20.183080673217773,19.479949951171875
25-10-2004,19.947391510009766,20.08207130432129,59640451,20.391414642333984,20.183080673217773,19.479949951171875
26-10-2004,19.859006881713867,20.2020206451416,47969539,20.286195755004883,20.044191360473633,19.34589958190918
27-10-2004,20.052608489990234,20.05471420288086,58600714,20.896465301513672,20.76388931274414,20.04052734375
28-10-2004,20.526094436645508,20.5281982421875,39418790,20.885942459106445,20.80597686767578,20.081146240234375
29-10-2004,20.509258270263672,20.692340850830078,32104512,20.938552856445312,20.545034408569336,19.829294204711914
01-11-2004,20.408248901367188,20.414562225341797,45097906,21.043771743774414,20.892255783081055,20.164419174194336
02-11-2004,20.843854904174805,20.936447143554688,51279782,21.33417510986328,21.182659149169922,20.444704055786133
03-11-2004,20.641834259033203,21.433080673217773,63946238,21.651935577392578,20.885942459106445,20.1583251953125
04-11-2004,20.587120056152344,20.90277862548828,50630659,21.28998374938965,21.226852416992188,20.48735809326172
05-11-2004,20.502946853637695,21.308923721313477,57547670,21.37415885925293,20.976430892944336,20.245662689208984
08-11-2004,21.32575798034668,21.42255973815918,63296640,21.95917510986328,21.82028579711914,21.060117721557617
09-11-2004,21.656145095825195,21.864477157592773,54521122,22.156986236572266,21.98442840576172,21.218542098999023
10-11-2004,21.662458419799805,22.032827377319336,36863640,22.098064422607422,21.851852416992188,21.090587615966797
11-11-2004,21.8665828704834,21.95707130432129,55643544,22.706228256225586,22.693603515625,21.903013229370117
12-11-2004,22.516834259033203,22.72727394104004,60166973,23.20075798034668,23.125,22.319381713867188
15-11-2004,22.796716690063477,23.0281982421875,35878550,23.17340087890625,23.026094436645508,22.223922729492188
16-11-2004,22.579965591430664,22.880891799926758,29233354,22.916667938232422,22.710437774658203,21.919260025024414
17-11-2004,22.81986427307129,22.916667938232422,44086680,23.337541580200195,23.01557159423828,22.21376609802246
18-11-2004,22.94402313232422,22.98611068725586,36542405,23.30597686767578,23.253366470336914,22.443275451660156
19-11-2004,22.794612884521484,23.20075798034668,30626165,23.310184478759766,22.7988224029541,22.004568099975586
22-11-2004,22.31270980834961,22.813552856445312,38433701,23.038721084594727,23.038721084594727,22.236106872558594
23-11-2004,22.887205123901367,23.08922576904297,43442309,23.251262664794922,23.04924201965332,22.24626350402832
24-11-2004,23.162879943847656,23.20075798034668,48073133,23.61111068725586,23.507997512817383,22.68903350830078
26-11-2004,23.38173484802246,23.648990631103516,12258734,23.703704833984375,23.463804244995117,22.646381378173828
29-11-2004,23.362794876098633,23.733165740966797,34579354,23.754209518432617,23.705808639526367,22.879955291748047
30-11-2004,23.56902313232422,23.6616153717041,29506594,23.876262664794922,23.63215446472168,22.808866500854492
01-12-2004,23.425926208496094,23.79208755493164,41764853,23.945707321166992,23.945707321166992,23.111495971679688
02-12-2004,23.89520263671875,24.11826515197754,52357536,24.663299560546875,24.617002487182617,23.7594051361084
03-12-2004,24.30555534362793,24.600168228149414,44452584,24.690656661987305,24.497053146362305,23.64363670349121
06-12-2004,24.30555534362793,24.448652267456055,28499645,24.600168228149414,24.482322692871094,23.62941551208496
07-12-2004,23.92255973815918,24.526514053344727,39141749,24.526514053344727,23.973064422607422,23.137901306152344
08-12-2004,23.676347732543945,24.04250717163086,47688696,24.179292678833008,24.11826515197754,23.278039932250977
09-12-2004,23.853113174438477,23.947811126708984,41051102,24.505470275878906,24.45707130432129,23.60504722595215
10-12-2004,24.063552856445312,24.3834171295166,33993907,24.469697952270508,24.0761775970459,23.23741912841797
13-12-2004,24.021465301513672,24.164562225341797,30924115,24.452861785888672,24.41077423095703,23.56035804748535
14-12-2004,24.149831771850586,24.364477157592773,28931126,24.515993118286133,24.454965591430664,23.603010177612305
15-12-2004,24.54124641418457,24.65909194946289,36366106,24.869529724121094,24.703283309936523,23.842681884765625
16-12-2004,24.200336456298828,24.60437774658203,32024678,24.682239532470703,24.34764289855957,23.49942970275879
17-12-2004,24.128787994384766,24.26557159423828,31458240,24.42971420288086,24.14772605895996,23.306476593017578
20-12-2004,23.985689163208008,24.255050659179688,36516269,24.46548843383789,24.126684188842773,23.286163330078125
21-12-2004,23.705808639526367,24.093013763427734,36855086,24.126684188842773,23.926767349243164,23.09321403503418
22-12-2004,23.691076278686523,23.920455932617188,28495368,24.044612884521484,23.86784553527832,23.036348342895508
23-12-2004,23.76473045349121,23.87415885925293,20078150,23.947811126708984,23.853113174438477,23.022127151489258
27-12-2004,23.739477157592773,24.004629135131836,27728870,24.111953735351562,23.75,22.922607421875
28-12-2004,23.815235137939453,23.82575798034668,35850989,24.461278915405273,24.44444465637207,23.592857360839844
29-12-2004,24.43602752685547,24.448652267456055,39241541,24.9116153717041,24.741161346435547,23.879240036010742
30-12-2004,24.684343338012695,24.747474670410156,21297038,24.905302047729492,24.783248901367188,23.91986083984375
31-12-2004,24.442340850830078,24.86111068725586,22028846,24.920034408569336,24.482322692871094,23.62941551208496
03-01-2005,23.935184478759766,24.661195755004883,46817654,24.783248901367188,24.013046264648438,23.176490783691406
04-01-2005,23.253366470336914,24.12457847595215,52193117,24.14772605895996,23.4238224029541,22.607791900634766
05-01-2005,23.23653221130371,23.373315811157227,46525882,23.796295166015625,23.337541580200195,22.524520874023438
06-01-2005,22.213804244995117,23.52272605895996,102103848,23.558502197265625,22.344276428222656,21.565853118896484
07-01-2005,22.371633529663086,22.529460906982422,67125802,22.853534698486328,22.428451538085938,21.647096633911133
10-01-2005,22.285354614257812,22.579965591430664,53028043,22.849327087402344,22.58207130432129,21.795368194580078
11-01-2005,21.88973045349121,22.44318199157715,55250554,22.615741729736328,22.06229019165039,21.293691635131836
12-01-2005,21.424663543701172,22.04755973815918,111045211,22.601009368896484,22.56944465637207,21.783178329467773
13-01-2005,21.593013763427734,22.63257598876953,74554603,22.67255973815918,21.719276428222656,20.962629318237305
14-01-2005,21.72138023376465,21.872896194458008,61737034,22.234848022460938,22.138046264648438,21.366809844970703
18-01-2005,22.01178550720215,22.226430892944336,52074792,22.481061935424805,22.384258270263672,21.604442596435547
19-01-2005,21.64772605895996,22.66624641418457,112626677,22.678871154785156,21.685606002807617,20.930130004882812
20-01-2005,17.129629135131836,18.099746704101562,411637248,18.301767349243164,17.53577423095703,16.92487144470215
21-01-2005,17.765151977539062,17.939815521240234,227677824,18.537458419799805,18.108165740966797,17.47732162475586
24-01-2005,17.156986236572266,18.1334171295166,155610893,18.26388931274414,17.33375358581543,16.729887008666992
25-01-2005,16.70875358581543,17.51473045349121,158176022,17.803030014038086,16.843433380126953,16.25664710998535
26-01-2005,16.807659149169922,16.982322692871094,116262907,17.35479736328125,17.323232650756836,16.719730377197266
27-01-2005,17.188552856445312,17.41792869567871,82715213,17.62415885925293,17.4031982421875,16.796911239624023
28-01-2005,16.849746704101562,17.49368667602539,76129416,17.525253295898438,17.066497802734375,16.471939086914062
31-01-2005,17.049663543701172,17.289562225341797,60205939,17.41792869567871,17.150672912597656,16.55318260192871
01-02-2005,16.36784553527832,17.001262664794922,106102656,17.129629135131836,16.399410247802734,15.828093528747559
02-02-2005,16.109006881713867,16.523569107055664,131430816,16.81397247314453,16.58249282836914,16.00479507446289
03-02-2005,16.231061935424805,16.441497802734375,88258896,16.767677307128906,16.25,15.683887481689453
04-02-2005,15.765993118286133,16.17424201965332,126070560,16.224746704101562,15.968012809753418,15.411725044250488
07-02-2005,15.850168228149414,16.119529724121094,70627075,16.184764862060547,15.906987190246582,15.352826118469238
08-02-2005,15.951177597045898,15.982744216918945,103446288,16.593013763427734,16.525672912597656,15.949960708618164
09-02-2005,16.56986427307129,16.79292869567871,112091602,17.161195755004883,16.622474670410156,16.043386459350586
10-02-2005,16.19318199157715,16.837120056152344,130322174,17.171716690063477,17.091751098632812,16.496315002441406
11-02-2005,16.816076278686523,17.003366470336914,86411318,17.352693557739258,17.27062225341797,16.668954849243164
14-02-2005,17.04755973815918,17.04755973815918,70066339,17.746212005615234,17.744108200073242,17.12594223022461
15-02-2005,17.56102752685547,17.716751098632812,97047720,18.154460906982422,17.97138023376465,17.345300674438477
16-02-2005,17.836700439453125,17.855640411376953,59282150,18.15867042541504,18.1165828704834,17.485441207885742
17-02-2005,17.735689163208008,18.240741729736328,58398278,18.287036895751953,17.97979736328125,17.353422164916992
18-02-2005,17.765151977539062,18.009258270263672,46618783,18.030302047729492,17.870370864868164,17.24781036376953
22-02-2005,17.213804244995117,17.790403366088867,46295172,17.920875549316406,17.2979793548584,16.695356369018555
23-02-2005,17.34006690979004,17.55471420288086,41503018,17.676767349243164,17.60942840576172,16.995960235595703
24-02-2005,17.344276428222656,17.377946853637695,44397223,17.882997512817383,17.83249282836914,17.21125030517578
25-02-2005,17.67255973815918,17.853534698486328,30751380,18.114477157592773,17.77777862548828,17.158443450927734
28-02-2005,17.668350219726562,17.697811126708984,32284850,18.228113174438477,18.030302047729492,17.402170181274414
01-03-2005,17.710437774658203,18.03451156616211,33762960,18.127103805541992,17.920875549316406,17.296558380126953
02-03-2005,17.60942840576172,17.765151977539062,33077009,17.891414642333984,17.706228256225586,17.089385986328125
03-03-2005,17.213804244995117,17.84090805053711,41522263,17.920875549316406,17.462120056152344,16.853778839111328
04-03-2005,17.386363983154297,17.676767349243164,32694473,17.803030014038086,17.571548461914062,16.959394454956055
07-03-2005,17.285354614257812,17.43686866760254,38688646,17.735689163208008,17.630470275878906,17.016267776489258
08-03-2005,17.171716690063477,17.52104377746582,32470654,17.65993309020996,17.192760467529297,16.59380531311035
09-03-2005,16.755050659179688,16.906566619873047,40068626,17.2011775970459,16.79292869567871,16.20790672302246
10-03-2005,16.28367042541504,16.78451156616211,50604523,16.90235710144043,16.3552188873291,15.785444259643555
11-03-2005,16.039562225341797,16.456228256225586,41710918,16.540403366088867,16.098485946655273,15.537653923034668
14-03-2005,15.130471229553223,15.904882431030273,102925944,15.942761421203613,15.353534698486328,14.818655967712402
15-03-2005,15.484006881713867,15.517677307128906,57322426,15.875420570373535,15.601852416992188,15.058320999145508
16-03-2005,15.252525329589844,15.467171669006348,41088168,15.719696998596191,15.353534698486328,14.818655967712402
17-03-2005,15.17676830291748,15.319865226745605,29111702,15.500842094421387,15.202019691467285,14.672416687011719
18-03-2005,14.730640411376953,15.130471229553223,71222738,15.202019691467285,14.734848022460938,14.22152042388916
21-03-2005,14.814814567565918,14.848484992980957,51318986,15.324073791503906,15.206229209899902,14.67647933959961
22-03-2005,15.033670425415039,15.353534698486328,57166560,15.551346778869629,15.1010103225708,14.57492733001709
23-03-2005,14.96212100982666,15.02104377746582,38929334,15.336700439453125,15.117844581604004,14.591174125671387
24-03-2005,14.920034408569336,15.260943412780762,31849330,15.391413688659668,14.94107723236084,14.420565605163574
28-03-2005,14.966329574584961,14.987374305725098,39783744,15.357744216918945,15.113636016845703,14.587114334106445
29-03-2005,14.970539093017578,15.151515007019043,39397882,15.408248901367188,15.193602561950684,14.664294242858887
30-03-2005,15.260943412780762,15.345117568969727,57868193,15.883837699890137,15.862794876098633,15.310173034667969
31-03-2005,15.610268592834473,15.955387115478516,41371387,16.127946853637695,15.681818008422852,15.13550090789795
01-04-2005,15.378787994384766,15.883837699890137,44779997,15.934343338012695,15.601852416992188,15.058320999145508
04-04-2005,15.404040336608887,15.509259223937988,43680146,16.11111068725586,16.060606002807617,15.501092910766602
05-04-2005,15.951177597045898,16.245790481567383,41015225,16.308923721313477,16.11111068725586,15.54983901977539
06-04-2005,15.59343433380127,16.220539093017578,36840830,16.25,15.643939018249512,15.098941802978516
07-04-2005,14.869528770446777,15.61447811126709,63099194,15.719696998596191,15.210437774658203,14.680542945861816
08-04-2005,14.747474670410156,15.248315811157227,46379520,15.286194801330566,14.797980308532715,14.282453536987305
11-04-2005,14.22558879852295,14.835859298706055,61532460,14.903199195861816,14.297138214111328,13.799059867858887
12-04-2005,13.446969985961914,14.179292678833008,137962202,14.24663257598877,14.166666984558105,13.673133850097656
13-04-2005,13.76683521270752,14.238215446472168,63903470,14.42340087890625,13.800504684448242,13.319729804992676
14-04-2005,13.716329574584961,13.930975914001465,47252938,14.061448097229004,13.884679794311523,13.400970458984375
15-04-2005,13.425926208496094,13.737374305725098,55033150,14.048822402954102,13.455387115478516,12.986632347106934
18-04-2005,13.29124641418457,13.413299560546875,54244080,13.8425931930542,13.720539093017578,13.242548942565918
19-04-2005,13.299662590026855,13.918350219726562,63350813,13.960437774658203,13.539562225341797,13.067875862121582
20-04-2005,13.67424201965332,13.758418083190918,102508006,14.099327087402344,13.935185432434082,13.449716567993164
21-04-2005,13.13552188873291,14.17087459564209,157506703,14.229798316955566,13.922558784484863,13.437530517578125
22-04-2005,13.15235710144043,13.79208755493164,71451785,13.939393997192383,13.261784553527832,12.799776077270508
25-04-2005,12.992424011230469,13.232322692871094,68283389,13.388047218322754,13.278619766235352,12.816024780273438
26-04-2005,12.984006881713867,13.11868667602539,51032441,13.29124641418457,13.106060981750488,12.649477005004883
27-04-2005,12.954545021057129,12.979798316955566,55491955,13.362794876098633,13.249157905578613,12.787589073181152
28-04-2005,13.13131332397461,13.139731407165527,51581297,13.581649780273438,13.383837699890137,12.917576789855957
29-04-2005,13.13131332397461,13.585859298706055,43895174,13.6574068069458,13.345959663391113,12.881017684936523
02-05-2005,13.207071304321289,13.25336742401123,32683781,13.446969985961914,13.265993118286133,12.803837776184082
03-05-2005,13.211278915405273,13.278619766235352,39596753,13.636363983154297,13.539562225341797,13.067875862121582
04-05-2005,13.581649780273438,13.619528770446777,79264073,14.528619766235352,14.507575988769531,14.002166748046875
05-05-2005,14.145623207092285,14.356060981750488,41434826,14.52441120147705,14.271885871887207,13.774685859680176
06-05-2005,14.141413688659668,14.44023609161377,70498534,14.629630088806152,14.221380233764648,13.725939750671387
09-05-2005,14.053030014038086,14.22558879852295,34573651,14.38552188873291,14.124579429626465,13.632513999938965
10-05-2005,13.762625694274902,14.006733894348145,43579166,14.103534698486328,13.783670425415039,13.303482055664062
11-05-2005,13.623737335205078,13.829965591430664,41489712,14.040404319763184,13.981480598449707,13.494400978088379
12-05-2005,13.973064422607422,13.985690116882324,43095650,14.33080768585205,14.22558879852295,13.730003356933594
13-05-2005,14.28451156616211,14.351852416992188,69477566,15.0042085647583,14.755891799926758,14.24183177947998
16-05-2005,14.56229019165039,14.663299560546875,33663881,14.949495315551758,14.890571594238281,14.371820449829102
17-05-2005,14.701177597045898,14.793770790100098,33311045,14.974746704101562,14.848484992980957,14.331198692321777
18-05-2005,14.772727012634277,14.873737335205078,37990577,15.185185432434082,15.025253295898438,14.501808166503906
19-05-2005,15.088383674621582,15.164140701293945,31916095,15.256733894348145,15.218854904174805,14.688666343688965
20-05-2005,15.117844581604004,15.227272987365723,35541396,15.387205123901367,15.387205123901367,14.851152420043945
23-05-2005,15.319865226745605,15.345117568969727,37624673,15.749157905578613,15.61868667602539,15.074568748474121
24-05-2005,15.340909004211426,15.58080768585205,31413809,15.58080768585205,15.526094436645508,14.98520278930664
25-05-2005,15.723905563354492,15.892255783081055,62651081,16.073232650756836,15.81229019165039,15.26142692565918
26-05-2005,15.900672912597656,16.09006690979004,53874137,16.1616153717041,15.921716690063477,15.367043495178223
27-05-2005,15.837541580200195,15.997474670410156,28552867,16.157407760620117,16.119529724121094,15.557964324951172
31-05-2005,15.938551902770996,16.199495315551758,44541684,16.287879943847656,15.993266105651855,15.436098098754883
01-06-2005,16.119529724121094,16.123737335205078,59192813,16.666667938232422,16.460437774658203,15.886995315551758
02-06-2005,16.203704833984375,16.418350219726562,36992894,17.230640411376953,16.435184478759766,15.862622261047363
03-06-2005,15.79124641418457,16.443603515625,45970373,16.498315811157227,15.909090995788574,15.35485553741455
06-06-2005,16.14057159423828,16.28367042541504,48163421,16.414140701293945,16.26262664794922,15.696075439453125
07-06-2005,15.913299560546875,16.494108200073242,48425494,16.498315811157227,15.913299560546875,15.358916282653809
08-06-2005,15.551346778869629,16.064815521240234,40074804,16.098485946655273,15.61447811126709,15.070508003234863
09-06-2005,15.42087459564209,15.57659912109375,49924750,15.803872108459473,15.660774230957031,15.115190505981445
10-06-2005,15.290404319763184,15.627103805541992,29853252,15.66919231414795,15.416666984558105,14.879589080810547
13-06-2005,15.269359588623047,15.290404319763184,28019218,15.740740776062012,15.57659912109375,15.033947944641113
14-06-2005,15.488215446472168,15.61447811126709,25627298,15.702861785888672,15.610268592834473,15.066445350646973
15-06-2005,15.467171669006348,15.900672912597656,43508124,16.018518447875977,15.71548843383789,15.167998313903809
16-06-2005,15.749157905578613,15.808080673217773,59856905,16.1531982421875,15.808080673217773,15.257365226745605
17-06-2005,15.913299560546875,16.07744026184082,47179282,16.245790481567383,16.014310836791992,15.45641040802002
20-06-2005,15.378787994384766,15.538721084594727,57660768,15.799662590026855,15.67340087890625,15.127376556396484
21-06-2005,15.42087459564209,15.589225769042969,36450454,15.749157905578613,15.530303001403809,14.989264488220215
22-06-2005,15.260943412780762,15.63552188873291,39910860,15.694443702697754,15.315656661987305,14.782094955444336
23-06-2005,14.457071304321289,15.130471229553223,83431102,15.210437774658203,14.494949340820312,13.98997974395752
24-06-2005,14.351852416992188,14.52441120147705,43235597,14.654882431030273,14.46548843383789,13.961546897888184
27-06-2005,14.065656661987305,14.36447811126709,44012549,14.52441120147705,14.154040336608887,13.660947799682617
28-06-2005,14.010943412780762,14.301346778869629,35491738,14.389731407165527,14.078283309936523,13.58782958984375
29-06-2005,13.817339897155762,14.048822402954102,39113712,14.217171669006348,13.846800804138184,13.364412307739258
30-06-2005,13.855218887329102,13.914140701293945,41121907,14.044612884521484,13.893097877502441,13.40909481048584
01-07-2005,13.838383674621582,14.053030014038086,24179839,14.090909004211426,13.838383674621582,13.356287002563477
05-07-2005,13.783670425415039,13.783670425415039,31333025,14.149831771850586,14.116162300109863,13.624387741088867
06-07-2005,14.107744216918945,14.166666984558105,43556357,14.44023609161377,14.124579429626465,13.632513999938965
07-07-2005,13.930975914001465,13.994108200073242,40184813,14.360268592834473,14.34764289855957,13.84780502319336
08-07-2005,14.229798316955566,14.444443702697754,42138122,14.52441120147705,14.520201683044434,14.014351844787598
11-07-2005,14.612794876098633,14.688551902770996,51367219,15.084175109863281,14.96212100982666,14.440876007080078
12-07-2005,14.785353660583496,14.94528579711914,32941814,15.02104377746582,14.94107723236084,14.420565605163574
13-07-2005,14.701177597045898,14.970539093017578,30314196,15.01683521270752,14.701177597045898,14.1890230178833
14-07-2005,14.688551902770996,14.877945899963379,33250694,14.932660102844238,14.747474670410156,14.233708381652832
15-07-2005,14.688551902770996,14.848484992980957,28761242,14.886363983154297,14.764309883117676,14.249955177307129
18-07-2005,14.633837699890137,14.650672912597656,27588686,14.94107723236084,14.688551902770996,14.176837921142578
19-07-2005,14.692761421203613,14.831649780273438,31515264,14.92424201965332,14.886363983154297,14.367758750915527
20-07-2005,14.574915885925293,14.701177597045898,71768268,14.911616325378418,14.675926208496094,14.164653778076172
21-07-2005,16.776094436645508,16.788721084594727,274797706,17.89562225341797,17.718854904174805,17.101572036743164
22-07-2005,17.18013572692871,17.525253295898438,74050654,17.857744216918945,17.264310836791992,16.662860870361328
25-07-2005,17.02020263671875,17.045455932617188,44359445,17.525253295898438,17.205387115478516,16.605993270874023
26-07-2005,16.771886825561523,17.188552856445312,44945366,17.255891799926758,17.01178550720215,16.419132232666016
27-07-2005,17.02861976623535,17.045455932617188,49715899,17.676767349243164,17.67255973815918,17.0568904876709
28-07-2005,17.53367042541504,17.5968017578125,42643973,18.228113174438477,17.685184478759766,17.069076538085938
29-07-2005,17.537879943847656,17.634679794311523,33246655,17.962963104248047,17.58417510986328,16.971586227416992
01-08-2005,18.01346778869629,18.06818199157715,70943083,18.497474670410156,18.35437774658203,17.71495819091797
02-08-2005,18.358585357666016,18.455387115478516,56787826,18.93097686767578,18.83417510986328,18.178037643432617
03-08-2005,18.573232650756836,18.72895622253418,35345851,18.88888931274414,18.75,18.0967960357666
04-08-2005,18.396465301513672,18.66582489013672,30930055,18.872053146362305,18.446969985961914,17.804323196411133
05-08-2005,18.240741729736328,18.484848022460938,32914490,18.79208755493164,18.240741729736328,17.60527801513672
08-08-2005,18.06818199157715,18.295455932617188,30617374,18.392255783081055,18.18602752685547,17.55246925354004
09-08-2005,17.887205123901367,18.308080673217773,28435255,18.383838653564453,18.017677307128906,17.389986038208008
10-08-2005,17.41582489013672,18.09764289855957,48822998,18.18602752685547,17.51262664794922,16.902524948120117
11-08-2005,17.260101318359375,17.45791244506836,44941327,17.75673484802246,17.5,16.890344619750977
12-08-2005,17.032827377319336,17.323232650756836,37495181,17.43686866760254,17.239057540893555,16.638486862182617
15-08-2005,17.22222137451172,17.239057540893555,28671192,17.5968017578125,17.352693557739258,16.748167037963867
16-08-2005,16.961278915405273,17.3947811126709,33810718,17.483165740966797,16.994949340820312,16.40288734436035
17-08-2005,16.872896194458008,17.02020263671875,28214050,17.154882431030273,17.032827377319336,16.439441680908203
18-08-2005,16.62457847595215,16.92340087890625,35218022,16.98653221130371,16.80555534362793,16.220090866088867
19-08-2005,16.809764862060547,16.877103805541992,20488248,16.982322692871094,16.83922576904297,16.252586364746094
22-08-2005,16.279460906982422,16.88973045349121,33456694,16.92340087890625,16.47727394104004,15.903244018554688
23-08-2005,16.287879943847656,16.515151977539062,27455630,16.58249282836914,16.405723571777344,15.834189414978027
24-08-2005,16.296295166015625,16.296295166015625,36761234,16.830808639526367,16.397306442260742,15.826065063476562
25-08-2005,16.245790481567383,16.464645385742188,23510520,16.523569107055664,16.363636016845703,15.793566703796387
26-08-2005,16.27104377746582,16.3468017578125,31594622,16.641414642333984,16.401514053344727,15.830124855041504
29-08-2005,16.245790481567383,16.275253295898438,24406747,16.632997512817383,16.611953735351562,16.033231735229492
30-08-2005,16.376262664794922,16.58249282836914,34759930,16.74242401123047,16.70875358581543,16.12666130065918
31-08-2005,16.561447143554688,16.75084114074707,47622168,17.091751098632812,17.04124641418457,16.447568893432617
01-09-2005,16.74242401123047,16.978113174438477,37642968,17.108585357666016,16.809764862060547,16.224151611328125
02-09-2005,16.679292678833008,16.91077423095703,19833422,16.973905563354492,16.704544067382812,16.122594833374023
06-09-2005,16.725589752197266,16.797138214111328,27740275,17.049663543701172,16.906566619873047,16.317583084106445
07-09-2005,16.898147583007812,16.919191360473633,26389519,17.171716690063477,17.02861976623535,16.435380935668945
08-09-2005,16.233165740966797,16.510942459106445,72980978,16.531986236572266,16.384679794311523,15.813874244689941
09-09-2005,16.1531982421875,16.42255973815918,39420929,16.464645385742188,16.254209518432617,15.687952995300293
12-09-2005,15.888047218322754,16.005891799926758,94564325,16.65403938293457,16.38888931274414,15.817940711975098
13-09-2005,16.073232650756836,16.380470275878906,48899743,16.47727394104004,16.11111068725586,15.54983901977539
14-09-2005,15.782828330993652,16.148990631103516,48730572,16.203704833984375,15.850168228149414,15.297986030578613
15-09-2005,15.707071304321289,15.845959663391113,38595506,15.972222328186035,15.845959663391113,15.293924331665039
16-09-2005,15.57239055633545,15.871212005615234,72310234,15.921716690063477,15.61447811126709,15.070508003234863
19-09-2005,15.315656661987305,15.425084114074707,45104321,15.57239055633545,15.547138214111328,15.005513191223145
20-09-2005,15.281987190246582,15.57659912109375,35400262,15.694443702697754,15.450337409973145,14.91208553314209
21-09-2005,15.256733894348145,15.340909004211426,44490125,15.643939018249512,15.509259223937988,14.968953132629395
22-09-2005,15.488215446472168,15.542928695678711,41944003,15.955387115478516,15.875420570373535,15.322359085083008
23-09-2005,16.07744026184082,16.170034408569336,46970194,16.4520206451416,16.321548461914062,15.752945899963379
26-09-2005,16.170034408569336,16.540403366088867,33168722,16.64562225341797,16.296295166015625,15.728570938110352
27-09-2005,16.212120056152344,16.351009368896484,31850518,16.56986427307129,16.460437774658203,15.886995315551758
28-09-2005,16.2584171295166,16.553030014038086,27231098,16.683502197265625,16.384679794311523,15.813874244689941
29-09-2005,16.376262664794922,16.418350219726562,66902458,17.420034408569336,17.38215446472168,16.776601791381836
30-09-2005,17.129629135131836,17.32744026184082,29412742,17.4031982421875,17.34006690979004,16.735979080200195
03-10-2005,17.218013763427734,17.31902313232422,34992302,17.72727394104004,17.592592239379883,16.979707717895508
04-10-2005,16.830808639526367,17.529460906982422,39802514,17.626262664794922,16.919191360473633,16.32976531982422
05-10-2005,16.83501625061035,16.91077423095703,41154696,17.285354614257812,16.91498374938965,16.32571029663086
06-10-2005,16.4520206451416,16.94444465637207,39788021,17.003366470336914,16.599327087402344,16.02104949951172
07-10-2005,16.64562225341797,16.712963104248047,25822368,16.99915885925293,16.79292869567871,16.20790672302246
10-10-2005,16.771886825561523,16.83501625061035,29877012,17.264310836791992,17.02861976623535,16.435380935668945
11-10-2005,16.755050659179688,17.070707321166992,32993374,17.230640411376953,17.02861976623535,16.435380935668945
12-10-2005,16.56986427307129,17.058080673217773,34182324,17.091751098632812,16.59090805053711,16.01291847229004
13-10-2005,16.3383846282959,16.481481552124023,31477723,16.82659912109375,16.683502197265625,16.1022891998291
14-10-2005,16.300504684448242,16.797138214111328,29451470,16.830808639526367,16.70875358581543,16.12666130065918
17-10-2005,16.611953735351562,16.696128845214844,31698691,17.192760467529297,17.188552856445312,16.589746475219727
18-10-2005,16.969697952270508,17.24326515197754,33402046,17.449495315551758,17.01178550720215,16.419132232666016
19-10-2005,16.92340087890625,17.00757598876953,74742545,17.706228256225586,17.68097686767578,17.065013885498047
20-10-2005,16.35942840576172,17.121212005615234,101581603,17.386363983154297,16.47727394104004,15.903244018554688
21-10-2005,16.515151977539062,16.80555534362793,48823711,16.856061935424805,16.536195755004883,15.960112571716309
24-10-2005,16.106901168823242,16.611953735351562,39826987,16.62457847595215,16.59090805053711,16.01291847229004
25-10-2005,15.664982795715332,16.418350219726562,74405628,16.561447143554688,15.997474670410156,15.440159797668457
26-10-2005,15.896465301513672,15.951177597045898,36925891,16.26262664794922,16.119529724121094,15.557964324951172
27-10-2005,15.896465301513672,16.010101318359375,27990230,16.35942840576172,15.925926208496094,15.37110424041748
28-10-2005,15.782828330993652,16.182659149169922,27173124,16.224746704101562,16.17424201965332,15.610769271850586
31-10-2005,16.14057159423828,16.1447811126709,50698138,16.83501625061035,16.670875549316406,16.090103149414062
01-11-2005,16.426767349243164,16.460437774658203,55716012,17.133838653564453,16.948652267456055,16.35820198059082
02-11-2005,16.82659912109375,16.830808639526367,41771506,17.352693557739258,17.289562225341797,16.68723487854004
03-11-2005,17.213804244995117,17.344276428222656,53184622,17.655723571777344,17.48737335205078,16.878154754638672
04-11-2005,17.348485946655273,17.453704833984375,28008763,17.668350219726562,17.5,16.890344619750977
07-11-2005,17.398990631103516,17.4031982421875,40572338,17.765151977539062,17.622053146362305,17.008142471313477
08-11-2005,17.44528579711914,17.51262664794922,63316123,18.24915885925293,17.803030014038086,17.182817459106445
09-11-2005,17.52104377746582,17.630470275878906,41952557,18.11026954650879,17.710437774658203,17.093448638916016
10-11-2005,17.626262664794922,17.706228256225586,35558978,18.287036895751953,18.228113174438477,17.593090057373047
11-11-2005,18.223905563354492,18.265993118286133,33740388,18.619529724121094,18.47222137451172,17.828691482543945
14-11-2005,18.211278915405273,18.413299560546875,21215779,18.49326515197754,18.320707321166992,17.682456970214844
15-11-2005,18.06397247314453,18.388046264648438,33631092,18.636363983154297,18.11868667602539,17.487472534179688
16-11-2005,17.878787994384766,18.05555534362793,39248906,18.21548843383789,17.90403938293457,17.280305862426758
17-11-2005,17.929292678833008,18.009258270263672,39653777,18.476430892944336,18.434343338012695,17.792133331298828
18-11-2005,18.425926208496094,18.518518447875977,41491613,18.8552188873291,18.800504684448242,18.145538330078125
21-11-2005,18.6531982421875,18.678451538085938,57214080,19.48653221130371,19.440235137939453,18.762981414794922
22-11-2005,19.099327087402344,19.271886825561523,43243913,19.730640411376953,19.675926208496094,18.990463256835938
23-11-2005,19.553871154785156,19.663299560546875,32767654,20.03367042541504,19.629629135131836,18.945781707763672
25-11-2005,19.524410247802734,19.696969985961914,10835035,19.84006690979004,19.65909194946289,18.974214553833008
28-11-2005,19.019359588623047,19.730640411376953,39223246,20.004209518432617,19.095117568969727,18.42989158630371
29-11-2005,18.6447811126709,19.31397247314453,37376381,19.33501625061035,18.72895622253418,18.076486587524414
30-11-2005,18.636363983154297,18.926767349243164,32657170,19.019359588623047,18.85942840576172,18.202411651611328
01-12-2005,18.75,18.939393997192383,39920839,19.34764289855957,18.92255973815918,18.263343811035156
02-12-2005,18.623737335205078,18.939393997192383,31949359,19.086700439453125,19.019359588623047,18.356769561767578
05-12-2005,18.872053146362305,19.09090805053711,32990998,19.31397247314453,19.023569107055664,18.3608341217041
06-12-2005,18.787879943847656,19.179292678833008,29878438,19.204544067382812,18.808923721313477,18.15366554260254
07-12-2005,18.350168228149414,18.8383846282959,30430382,18.93097686767578,18.657407760620117,18.007427215576172
08-12-2005,18.156566619873047,18.5479793548584,39038630,18.648990631103516,18.295455932617188,17.6580867767334
09-12-2005,18.135522842407227,18.13973045349121,22354358,18.396465301513672,18.274410247802734,17.637773513793945
12-12-2005,18.219697952270508,18.219697952270508,26977817,18.77104377746582,18.699495315551758,18.048051834106445
13-12-2005,18.61111068725586,18.636363983154297,29862518,19.141414642333984,19.09090805053711,18.425827026367188
14-12-2005,18.787879943847656,19.107744216918945,24473750,19.149831771850586,19.061447143554688,18.39739227294922
15-12-2005,19.149831771850586,19.297138214111328,29540333,19.473905563354492,19.36868667602539,18.693927764892578
16-12-2005,19.212963104248047,19.36026954650879,45272542,19.60437774658203,19.33501625061035,18.66143035888672
19-12-2005,18.7415828704834,19.440235137939453,28949897,19.566497802734375,18.779460906982422,18.125226974487305
20-12-2005,18.32491683959961,18.8383846282959,31401454,18.901514053344727,18.57744026184082,17.930248260498047
21-12-2005,18.497474670410156,18.703704833984375,23013936,18.897306442260742,18.64057159423828,17.99117660522461
22-12-2005,18.510101318359375,18.7415828704834,16663126,18.766834259033203,18.636363983154297,17.98711585998535
23-12-2005,18.64057159423828,18.64057159423828,13402066,18.829965591430664,18.775253295898438,18.121170043945312
27-12-2005,18.29124641418457,18.79208755493164,19295496,18.926767349243164,18.413299560546875,17.77182388305664
28-12-2005,18.480640411376953,18.56902313232422,19018930,18.77104377746582,18.67424201965332,18.023677825927734
29-12-2005,18.371212005615234,18.6447811126709,16240198,18.78367042541504,18.413299560546875,17.77182388305664
30-12-2005,18.190235137939453,18.421716690063477,20437402,18.560606002807617,18.190235137939453,17.55653190612793
03-01-2006,17.887205123901367,18.396465301513672,36118526,18.82575798034668,18.712120056152344,18.06023406982422
04-01-2006,18.480640411376953,18.817340850830078,30411850,18.897306442260742,18.733165740966797,18.080551147460938
05-01-2006,18.821548461914062,18.821548461914062,35591530,19.356061935424805,19.309764862060547,18.63705825805664
06-01-2006,19.351852416992188,19.50757598876953,36684014,19.747474670410156,19.633838653564453,18.94984245300293
09-01-2006,19.36868667602539,19.591751098632812,24833714,19.718013763427734,19.608585357666016,18.92547035217285
10-01-2006,19.196128845214844,19.44444465637207,23295492,19.54124641418457,19.41498374938965,18.73861312866211
11-01-2006,18.994108200073242,19.29292869567871,22923648,19.31397247314453,19.095117568969727,18.42989158630371
12-01-2006,18.7415828704834,19.019359588623047,21292762,19.170875549316406,18.872053146362305,18.214595794677734
13-01-2006,18.939393997192383,18.943603515625,23435914,19.351852416992188,19.34764289855957,18.673616409301758
17-01-2006,18.964645385742188,19.271886825561523,25724952,19.42340087890625,19.111953735351562,18.446136474609375
18-01-2006,18.670034408569336,18.68686866760254,63631418,19.22138023376465,18.703704833984375,18.052112579345703
19-01-2006,19.120370864868164,19.20875358581543,110318868,20.143098831176758,19.684343338012695,18.998586654663086
20-01-2006,18.821548461914062,19.675926208496094,64087373,19.764310836791992,18.926767349243164,18.26740264892578
23-01-2006,18.287036895751953,18.960437774658203,42763961,19.053030014038086,18.392255783081055,17.75151252746582
24-01-2006,18.434343338012695,18.484848022460938,26810784,18.79208755493164,18.63215446472168,17.983055114746094
25-01-2006,18.211278915405273,18.75,28738908,18.83417510986328,18.287036895751953,17.649959564208984
26-01-2006,18.308080673217773,18.56902313232422,24650050,18.623737335205078,18.539562225341797,17.893688201904297
27-01-2006,18.400672912597656,18.446969985961914,22129114,18.787879943847656,18.5479793548584,17.901813507080078
30-01-2006,18.026094436645508,18.308080673217773,28348531,18.619529724121094,18.135522842407227,17.50372314453125
31-01-2006,17.81986427307129,18.09764289855957,33273266,18.228113174438477,18.13973045349121,17.50778579711914
01-02-2006,17.857744216918945,17.891414642333984,28340453,18.135522842407227,18.038721084594727,17.410295486450195
02-02-2006,17.453704833984375,18.030302047729492,36088589,18.03451156616211,17.5,16.890344619750977
03-02-2006,17.003366470336914,17.264310836791992,37155175,17.5,17.079124450683594,16.484130859375
06-02-2006,17.09596061706543,17.255891799926758,23304046,17.293771743774414,17.15909194946289,16.561311721801758
07-02-2006,16.62457847595215,17.154882431030273,39617186,17.16750717163086,16.80555534362793,16.220090866088867
08-02-2006,16.649831771850586,16.843433380126953,30930530,17.091751098632812,17.04124641418457,16.447568893432617
09-02-2006,16.595117568969727,17.100168228149414,31945795,17.331649780273438,16.637205123901367,16.057605743408203
10-02-2006,16.245790481567383,16.72138023376465,36004241,16.788721084594727,16.637205123901367,16.057605743408203
13-02-2006,16.35942840576172,16.443603515625,21309394,16.68770980834961,16.65403938293457,16.073856353759766
14-02-2006,16.637205123901367,16.666667938232422,28267034,17.032827377319336,16.83501625061035,16.248525619506836
15-02-2006,16.771886825561523,16.872896194458008,27883073,17.22222137451172,17.108585357666016,16.512563705444336
16-02-2006,17.108585357666016,17.112794876098633,34208698,17.655723571777344,17.579965591430664,16.967519760131836
17-02-2006,17.331649780273438,17.546295166015625,19360836,17.592592239379883,17.386363983154297,16.780662536621094
21-02-2006,17.049663543701172,17.4031982421875,21140935,17.5,17.171716690063477,16.573495864868164
22-02-2006,17.058080673217773,17.285354614257812,19927750,17.43686866760254,17.4031982421875,16.796911239624023
23-02-2006,17.226430892944336,17.356901168823242,20950380,17.58417510986328,17.352693557739258,16.748167037963867
24-02-2006,17.112794876098633,17.302188873291016,18654689,17.46632957458496,17.462120056152344,16.853778839111328
27-02-2006,17.264310836791992,17.356901168823242,19590358,17.54208755493164,17.373737335205078,16.768478393554688
28-02-2006,16.498315811157227,17.255891799926758,48788546,17.268518447875977,16.86026954650879,16.272899627685547
01-03-2006,16.632997512817383,16.822391510009766,25215775,16.961278915405273,16.79292869567871,16.20790672302246
02-03-2006,16.632997512817383,16.74242401123047,31351320,16.990741729736328,16.927608489990234,16.337890625
03-03-2006,16.91498374938965,16.940235137939453,29702614,17.344276428222656,16.990741729736328,16.398826599121094
06-03-2006,16.67508316040039,16.990741729736328,18816019,17.07491683959961,16.755050659179688,16.171344757080078
07-03-2006,16.317340850830078,16.632997512817383,26355305,16.767677307128906,16.384679794311523,15.813874244689941
08-03-2006,15.555556297302246,16.317340850830078,55192579,16.35942840576172,16.13215446472168,15.570148468017578
09-03-2006,15.841751098632812,16.178451538085938,24615835,16.33417510986328,15.854376792907715,15.302047729492188
10-03-2006,15.57239055633545,15.808080673217773,24628190,16.191076278686523,15.930134773254395,15.375166893005371
13-03-2006,15.639731407165527,15.816497802734375,26257176,16.035354614257812,15.942761421203613,15.387353897094727
14-03-2006,15.862794876098633,15.904882431030273,25892698,16.5488224029541,16.544612884521484,15.968235969543457
15-03-2006,16.296295166015625,16.544612884521484,23297155,16.607744216918945,16.464645385742188,15.891057968139648
16-03-2006,16.1447811126709,16.544612884521484,31188326,16.599327087402344,16.148990631103516,15.58639907836914
17-03-2006,15.925926208496094,16.224746704101562,28195992,16.25,16.085859298706055,15.525466918945312
20-03-2006,16.102693557739258,16.14057159423828,17377589,16.380470275878906,16.1616153717041,15.598583221435547
21-03-2006,15.909090995788574,15.959595680236816,20938738,16.447811126708984,15.959595680236816,15.403600692749023
22-03-2006,15.833333015441895,15.862794876098633,25358573,16.212120056152344,15.942761421203613,15.387353897094727
23-03-2006,15.65656566619873,15.959595680236816,30764448,15.959595680236816,15.723905563354492,15.17612361907959
24-03-2006,15.622896194458008,15.951177597045898,29019751,16.07744026184082,15.698653221130371,15.151750564575195
27-03-2006,15.610268592834473,15.761784553527832,20312186,15.824915885925293,15.63552188873291,15.09081745147705
28-03-2006,15.542928695678711,15.59343433380127,54532289,16.435184478759766,16.35942840576172,15.789504051208496
29-03-2006,16.27104377746582,16.32575798034668,34997292,16.74242401123047,16.5488224029541,15.972297668457031
30-03-2006,16.308923721313477,16.561447143554688,23259139,16.683502197265625,16.536195755004883,15.960112571716309
31-03-2006,16.372053146362305,16.616161346435547,17340286,16.666667938232422,16.414140701293945,15.84231185913086
03-04-2006,16.380470275878906,16.536195755004883,19546639,16.586700439453125,16.414140701293945,15.84231185913086
04-04-2006,16.372053146362305,16.418350219726562,18589111,16.64562225341797,16.58249282836914,16.00479507446289
05-04-2006,16.1531982421875,16.5488224029541,38290428,16.620370864868164,16.21632957458496,15.651390075683594
06-04-2006,16.13215446472168,16.220539093017578,25034724,16.586700439453125,16.329965591430664,15.761068344116211
07-04-2006,16.031145095825195,16.426767349243164,26585302,16.439393997192383,16.102693557739258,15.541714668273926
10-04-2006,15.862794876098633,16.123737335205078,20593742,16.191076278686523,16.031145095825195,15.472658157348633
11-04-2006,15.993266105651855,16.115320205688477,21589524,16.245790481567383,16.127946853637695,15.566088676452637
12-04-2006,16.081649780273438,16.085859298706055,13355258,16.296295166015625,16.191076278686523,15.627017974853516
13-04-2006,16.119529724121094,16.224746704101562,17850413,16.372053146362305,16.2415828704834,15.675765037536621
17-04-2006,15.82912540435791,16.16582489013672,16845840,16.36784553527832,16.005891799926758,15.448284149169922
18-04-2006,15.946969985961914,16.07744026184082,23665198,16.405723571777344,16.363636016845703,15.793566703796387
19-04-2006,16.666667938232422,16.696128845214844,62456962,17.18013572692871,16.982322692871094,16.390701293945312
20-04-2006,15.441919326782227,15.934343338012695,112863089,16.414140701293945,15.47558879852295,14.936454772949219
21-04-2006,14.667508125305176,15.61447811126709,136207289,15.622896194458008,14.768519401550293,14.254020690917969
24-04-2006,14.612794876098633,14.638047218322754,56314526,14.776935577392578,14.701177597045898,14.1890230178833
25-04-2006,14.393939018249512,14.776935577392578,51161695,14.806397438049316,14.515993118286133,14.01029109954834
26-04-2006,14.339225769042969,14.54124641418457,54117202,14.604376792907715,14.40235710144043,13.900613784790039
27-04-2006,14.137205123901367,14.318181991577148,60799702,14.663299560546875,14.617003440856934,14.107781410217285
28-04-2006,14.46548843383789,14.617003440856934,35666374,14.789562225341797,14.482322692871094,13.977792739868164
01-05-2006,14.335017204284668,14.528619766235352,32514134,14.621212005615234,14.444443702697754,13.941234588623047
02-05-2006,14.478114128112793,14.520201683044434,25794094,14.646465301513672,14.621212005615234,14.11184310913086
03-05-2006,14.229798316955566,14.604376792907715,29482596,14.730640411376953,14.38131332397461,13.880301475524902
04-05-2006,14.280303001403809,14.339225769042969,45622289,14.625420570373535,14.356060981750488,13.855929374694824
05-05-2006,13.472222328186035,14.40235710144043,129535243,14.436026573181152,13.632155418395996,13.157243728637695
08-05-2006,13.089225769042969,13.699495315551758,125894261,13.88888931274414,13.181818008422852,12.722594261169434
09-05-2006,13.181818008422852,13.287036895751953,82334340,13.670034408569336,13.409090995788574,12.941949844360352
10-05-2006,13.468012809753418,13.476430892944336,47716495,13.775253295898438,13.716329574584961,13.238485336303711
11-05-2006,13.383837699890137,13.7457914352417,35543772,13.800504684448242,13.476430892944336,13.006945610046387
12-05-2006,13.240740776062012,13.388047218322754,38707178,13.61111068725586,13.25336742401123,12.791651725769043
15-05-2006,13.005050659179688,13.186026573181152,38000318,13.404882431030273,13.143939018249512,12.686036109924316
16-05-2006,12.710437774658203,13.164982795715332,54905558,13.31229019165039,12.744108200073242,12.300131797790527
17-05-2006,12.340066909790039,12.67676830291748,76685400,12.819865226745605,12.420034408569336,11.987348556518555
18-05-2006,12.226430892944336,12.46212100982666,50277110,12.617844581604004,12.474746704101562,12.040156364440918
19-05-2006,12.302188873291016,12.588383674621582,68363698,12.630471229553223,12.5,12.064529418945312
22-05-2006,12.150672912597656,12.302188873291016,48163658,12.563131332397461,12.529460906982422,12.092964172363281
23-05-2006,12.596800804138184,12.664140701293945,52594898,12.946127891540527,12.647306442260742,12.206703186035156
24-05-2006,12.390571594238281,12.718854904174805,52105205,12.891413688659668,12.710437774658203,12.267637252807617
25-05-2006,13.518519401550293,13.80471420288086,132070435,14.30976390838623,14.259259223937988,13.76249885559082
26-05-2006,14.166666984558105,14.478114128112793,61320758,14.566497802734375,14.393939018249512,13.892488479614258
30-05-2006,13.930975914001465,14.318181991577148,45714240,14.351852416992188,13.977272987365723,13.490338325500488
31-05-2006,13.623737335205078,13.981480598449707,48151303,14.023569107055664,13.80892276763916,13.327853202819824
01-06-2006,13.678450584411621,13.813131332397461,29785298,13.930975914001465,13.922558784484863,13.437530517578125
02-06-2006,13.489056587219238,14.048822402954102,32906412,14.061448097229004,13.73316478729248,13.254734992980957
05-06-2006,13.493266105651855,13.602693557739258,30211790,13.716329574584961,13.678450584411621,13.201925277709961
06-06-2006,13.219696998596191,13.79208755493164,49805950,13.859428405761719,13.295454978942871,12.832274436950684
07-06-2006,13.261784553527832,13.270201683044434,35796816,13.76683521270752,13.430134773254395,12.962260246276855
08-06-2006,12.744108200073242,13.392255783081055,52889047,13.501684188842773,13.139731407165527,12.681975364685059
09-06-2006,12.773569107055664,13.089225769042969,32652418,13.211278915405273,12.870369911193848,12.421996116638184
12-06-2006,12.647306442260742,12.929292678833008,25247138,13.09343433380127,12.672558784484863,12.23107624053955
13-06-2006,12.672558784484863,12.67676830291748,44181245,13.127103805541992,12.840909004211426,12.393562316894531
14-06-2006,12.744108200073242,12.857744216918945,29343125,13.07239055633545,12.904040336608887,12.454495429992676
15-06-2006,12.643097877502441,12.929292678833008,55361038,13.038721084594727,12.93770980834961,12.486991882324219
16-06-2006,12.668350219726562,12.992424011230469,33508253,12.99663257598877,12.744108200073242,12.300131797790527
19-06-2006,12.630471229553223,12.803030014038086,33327677,12.962963104248047,12.672558784484863,12.23107624053955
20-06-2006,12.596800804138184,12.655723571777344,23484384,12.836700439453125,12.697811126708984,12.255450248718262
21-06-2006,12.668350219726562,12.702019691467285,34020518,13.005050659179688,12.93770980834961,12.486991882324219
22-06-2006,12.609428405761719,12.840909004211426,26455810,12.95875358581543,12.630471229553223,12.190455436706543
23-06-2006,12.550504684448242,12.735690116882324,33363792,12.748315811157227,12.626262664794922,12.186392784118652
26-06-2006,12.45791244506836,12.617844581604004,24420290,12.668350219726562,12.508418083190918,12.072656631469727
27-06-2006,11.86868667602539,12.5,57970123,12.53787899017334,11.889731407165527,11.475522994995117
28-06-2006,11.88131332397461,11.936026573181152,28433117,12.180134773254395,12.100168228149414,11.678627967834473
29-06-2006,11.96548843383789,12.264309883117676,46391400,12.352693557739258,12.314814567565918,11.885795593261719
30-06-2006,12.201177597045898,12.436868667602539,34541813,12.47895622253418,12.327441215515137,11.897985458374023
03-07-2006,12.251684188842773,12.394781112670898,10184962,12.4074068069458,12.289562225341797,11.861422538757324
05-07-2006,11.92760944366455,12.239056587219238,30958092,12.255891799926758,11.936026573181152,11.520203590393066
06-07-2006,11.28787899017334,11.952861785888672,101202156,11.969696998596191,11.300504684448242,10.90682315826416
07-07-2006,11.182660102844238,11.2542085647583,62849714,11.489898681640625,11.203703880310059,10.813392639160156
10-07-2006,11.21212100982666,11.329965591430664,38266193,11.376262664794922,11.355218887329102,10.959630012512207
11-07-2006,11.2457914352417,11.376262664794922,57318624,11.755050659179688,11.700337409973145,11.292725563049316
12-07-2006,11.334175109863281,11.624579429626465,41127372,11.767677307128906,11.456229209899902,11.057122230529785
13-07-2006,11.182660102844238,11.363636016845703,33604006,11.485690116882324,11.186868667602539,10.797143936157227
14-07-2006,10.732322692871094,11.19107723236084,60015384,11.237374305725098,10.765993118286133,10.390931129455566
17-07-2006,10.732322692871094,10.761784553527832,46180411,11.224746704101562,11.178450584411621,10.789019584655762
18-07-2006,10.837541580200195,11.140571594238281,39025800,11.363636016845703,11.19107723236084,10.8012056350708
19-07-2006,10.77441120147705,10.955387115478516,87950966,11.26683521270752,10.913299560546875,10.533105850219727
20-07-2006,10.374579429626465,11.443602561950684,100084248,11.464646339416504,10.378787994384766,10.017215728759766
21-07-2006,10.235690116882324,10.315656661987305,50489525,10.450337409973145,10.303030014038086,9.944095611572266
24-07-2006,10.122054100036621,10.395623207092285,52569238,10.61868667602539,10.57659912109375,10.208135604858398
25-07-2006,10.311448097229004,10.744949340820312,45037318,10.77441120147705,10.378787994384766,10.017215728759766
26-07-2006,10.113636016845703,10.307238578796387,47538533,10.353534698486328,10.281987190246582,9.923787117004395
27-07-2006,9.95791244506836,10.324073791503906,46324397,10.446127891540527,9.974746704101562,9.627251625061035
28-07-2006,9.852693557739258,10.01683521270752,53134488,10.298822402954102,10.281987190246582,9.923787117004395
31-07-2006,9.95791244506836,10.193602561950684,51436361,10.265151977539062,10.130471229553223,9.777549743652344
01-08-2006,9.890571594238281,10.0042085647583,30443926,10.084175109863281,9.953703880310059,9.606941223144531
02-08-2006,9.621212005615234,9.98316478729248,59861894,10.008418083190918,9.675926208496094,9.33884048461914
03-08-2006,9.608586311340332,9.633837699890137,53625132,10.244108200073242,10.130471229553223,9.777549743652344
04-08-2006,10.113636016845703,10.332491874694824,47399537,10.639731407165527,10.185185432434082,9.830357551574707
07-08-2006,10.050504684448242,10.185185432434082,24033240,10.256733894348145,10.151515007019043,9.79786205291748
08-08-2006,10.147306442260742,10.172558784484863,59793228,10.63552188873291,10.585017204284668,10.21626091003418
09-08-2006,10.315656661987305,10.732322692871094,43582730,10.782828330993652,10.349327087402344,9.988780975341797
10-08-2006,10.286194801330566,10.311448097229004,21318422,10.500842094421387,10.454545021057129,10.090333938598633
11-08-2006,10.109428405761719,10.500842094421387,36236376,10.521885871887207,10.185185432434082,9.830357551574707
14-08-2006,10.185185432434082,10.345117568969727,30082298,10.450337409973145,10.185185432434082,9.830357551574707
15-08-2006,10.0042085647583,10.349327087402344,53705441,10.509259223937988,10.492424011230469,10.126893043518066
16-08-2006,10.521885871887207,10.555556297302246,50207018,10.909090995788574,10.867003440856934,10.488423347473145
17-08-2006,10.833333015441895,10.913299560546875,86749423,11.683502197265625,11.645623207092285,11.239917755126953
18-08-2006,11.329965591430664,11.649831771850586,44204767,11.675084114074707,11.468854904174805,11.069308280944824
21-08-2006,11.19528579711914,11.401515007019043,33351437,11.447811126708984,11.2542085647583,10.862138748168945
22-08-2006,11.2542085647583,11.300504684448242,49277290,11.742424011230469,11.540404319763184,11.138362884521484
23-08-2006,11.258418083190918,11.553030014038086,28714910,11.68770980834961,11.363636016845703,10.967753410339355
24-08-2006,10.782828330993652,11.106902122497559,49580942,11.17424201965332,10.850168228149414,10.472171783447266
25-08-2006,10.627103805541992,10.795454978942871,34050931,10.854376792907715,10.648147583007812,10.277191162109375
28-08-2006,10.79124641418457,10.934343338012695,42458170,11.005891799926758,10.854376792907715,10.476236343383789
29-08-2006,10.795454978942871,10.938551902770996,63492660,11.544612884521484,11.435185432434082,11.036809921264648
30-08-2006,11.367844581604004,11.510943412780762,68154372,12.007575988769531,11.973905563354492,11.556763648986816
31-08-2006,11.363636016845703,12.00336742401123,71819114,12.020201683044434,11.70875358581543,11.300847053527832
01-09-2006,11.691919326782227,11.72558879852295,41186534,11.898147583007812,11.84764289855957,11.434900283813477
05-09-2006,11.742424011230469,11.750842094421387,46715249,12.196969985961914,12.070707321166992,11.650193214416504
06-09-2006,11.80976390838623,11.978114128112793,42254784,12.112794876098633,11.872896194458008,11.459271430969238
07-09-2006,11.569865226745605,11.788721084594727,50499742,11.84764289855957,11.586700439453125,11.183049201965332
08-09-2006,11.624579429626465,11.662458419799805,48219257,12.06229019165039,11.999157905578613,11.581134796142578
11-09-2006,11.68770980834961,11.813973426818848,34573651,11.931818008422852,11.818181991577148,11.406463623046875
12-09-2006,11.721380233764648,11.801346778869629,35917042,12.070707321166992,11.973905563354492,11.556763648986816
13-09-2006,11.704545021057129,11.982322692871094,38367173,12.037036895751953,11.78451156616211,11.373968124389648
14-09-2006,11.616162300109863,11.801346778869629,27031990,11.990740776062012,11.805556297302246,11.394279479980469
15-09-2006,11.590909004211426,11.914982795715332,68358470,11.952861785888672,11.721380233764648,11.313034057617188
18-09-2006,11.153199195861816,11.696127891540527,41532718,11.771885871887207,11.296296119689941,10.90276050567627
19-09-2006,10.732322692871094,11.363636016845703,65668838,11.405723571777344,10.921716690063477,10.541230201721191
20-09-2006,10.765993118286133,11.026935577392578,43935091,11.043770790100098,11.001684188842773,10.61841106414795
21-09-2006,10.925926208496094,11.043770790100098,36332366,11.17424201965332,10.976430892944336,10.594038009643555
22-09-2006,10.909090995788574,10.976430892944336,32052478,11.144781112670898,10.989056587219238,10.606224060058594
25-09-2006,10.858586311340332,11.035353660583496,32473980,11.069024085998535,11.035353660583496,10.650908470153809
26-09-2006,11.32575798034668,11.376262664794922,53097185,11.658248901367188,11.645623207092285,11.239917755126953
27-09-2006,11.21212100982666,11.624579429626465,35341812,11.645623207092285,11.414140701293945,11.016500473022461
28-09-2006,11.372054100036621,11.473064422607422,52145597,11.957071304321289,11.957071304321289,11.540514945983887
29-09-2006,11.771885871887207,11.931818008422852,45860364,12.104376792907715,11.936026573181152,11.520203590393066
02-10-2006,11.527777671813965,11.952861785888672,30126017,11.969696998596191,11.561448097229004,11.158673286437988
03-10-2006,11.363636016845703,11.582491874694824,34474334,11.96548843383789,11.860268592834473,11.447084426879883
04-10-2006,11.931818008422852,11.961278915405273,72995947,12.605218887329102,12.584175109863281,12.145771980285645
05-10-2006,12.55892276763916,12.626262664794922,48864816,12.866162300109863,12.819865226745605,12.373250961303711
06-10-2006,12.36111068725586,12.689393997192383,40693039,12.727272987365723,12.369528770446777,11.938604354858398
09-10-2006,12.352693557739258,12.420034408569336,24408173,12.609428405761719,12.411616325378418,11.979226112365723
10-10-2006,12.243266105651855,12.4957914352417,28401041,12.4957914352417,12.449495315551758,12.01578426361084
11-10-2006,12.087541580200195,12.45791244506836,20997187,12.46212100982666,12.247474670410156,11.820802688598633
12-10-2006,12.184343338012695,12.302188873291016,23314738,12.52104377746582,12.491581916809082,12.056406021118164
13-10-2006,12.365320205688477,12.51683521270752,23932260,12.651515007019043,12.52104377746582,12.08484172821045
16-10-2006,12.247474670410156,12.5042085647583,32088355,12.546296119689941,12.268519401550293,11.841114044189453
17-10-2006,11.994949340820312,12.180134773254395,44305272,12.255891799926758,12.112794876098633,11.690814971923828
18-10-2006,11.910774230957031,12.255891799926758,58845679,12.352693557739258,11.990740776062012,11.57301139831543
19-10-2006,12.218012809753418,12.260101318359375,83705530,12.899831771850586,12.832491874694824,12.3854398727417
20-10-2006,12.634679794311523,12.874579429626465,37227881,13.021885871887207,12.832491874694824,12.3854398727417
23-10-2006,12.693602561950684,12.706229209899902,55313280,13.446969985961914,13.358586311340332,12.893204689025879
24-10-2006,13.11447811126709,13.362794876098633,43151724,13.636363983154297,13.16919231414795,12.710409164428711
25-10-2006,13.186026573181152,13.19023609161377,35831030,13.547980308532715,13.501684188842773,13.031316757202148
26-10-2006,13.463805198669434,13.510101318359375,36911398,13.909933090209961,13.796296119689941,13.315666198730469
27-10-2006,13.400672912597656,13.7542085647583,33863465,14.044612884521484,13.497474670410156,13.027254104614258
30-10-2006,13.480640411376953,13.522727012634277,33834240,13.884679794311523,13.569024085998535,13.096311569213867
31-10-2006,13.282828330993652,13.615320205688477,27190231,13.640571594238281,13.522727012634277,13.051628112792969
01-11-2006,13.139731407165527,13.547980308532715,29757024,13.72895622253418,13.228114128112793,12.767279624938965
02-11-2006,13.122896194458008,13.160774230957031,37427465,13.724746704101562,13.69528579711914,13.21817398071289
03-11-2006,13.484848022460938,13.817339897155762,24529111,13.817339897155762,13.632155418395996,13.157243728637695
06-11-2006,13.703703880310059,13.72895622253418,29083428,14.036194801330566,13.783670425415039,13.303482055664062
07-11-2006,13.653199195861816,13.77104377746582,39387902,14.019359588623047,13.699495315551758,13.222237586975098
08-11-2006,13.425926208496094,13.547980308532715,34926250,14.006733894348145,13.813131332397461,13.331915855407715
09-11-2006,13.556397438049316,13.935185432434082,32026817,13.994108200073242,13.594276428222656,13.120683670043945
10-11-2006,13.615320205688477,13.6574068069458,31642142,13.930975914001465,13.80892276763916,13.327853202819824
13-11-2006,13.70791244506836,13.859428405761719,35484372,14.099327087402344,13.762625694274902,13.283169746398926
14-11-2006,13.77104377746582,13.821549415588379,39077834,13.968854904174805,13.901515007019043,13.417220115661621
15-11-2006,13.909933090209961,13.922558784484863,45043020,14.305556297302246,14.276094436645508,13.778749465942383
16-11-2006,13.998315811157227,14.263467788696289,43068089,14.276094436645508,14.019359588623047,13.530957221984863
17-11-2006,13.973064422607422,14.28451156616211,37652472,14.28451156616211,14.200337409973145,13.705629348754883
20-11-2006,13.909933090209961,14.234006881713867,27202824,14.259259223937988,13.952019691467285,13.465965270996094
21-11-2006,13.998315811157227,14.074073791503906,29618978,14.22558879852295,14.162458419799805,13.669074058532715
22-11-2006,14.099327087402344,14.221380233764648,20246134,14.288721084594727,14.255050659179688,13.758438110351562
24-11-2006,14.031987190246582,14.048822402954102,15977887,14.276094436645508,14.053030014038086,13.563455581665039
27-11-2006,13.493266105651855,14.031987190246582,35188322,14.111952781677246,13.526935577392578,13.055688858032227
28-11-2006,13.341751098632812,13.446969985961914,36568541,13.543770790100098,13.476430892944336,13.006945610046387
29-11-2006,13.320707321166992,13.636363983154297,26897983,13.6489896774292,13.602693557739258,13.128808975219727
30-11-2006,13.468012809753418,13.518519401550293,30077309,13.80471420288086,13.61111068725586,13.136930465698242
01-12-2006,13.143939018249512,13.813131332397461,37288469,13.813131332397461,13.257575988769531,12.795713424682617
04-12-2006,13.316497802734375,13.337541580200195,29780309,13.665824890136719,13.497474670410156,13.027254104614258
05-12-2006,13.468012809753418,13.552188873291016,28019930,13.720539093017578,13.703703880310059,13.226299285888672
06-12-2006,13.375420570373535,13.57323169708252,23779721,13.57323169708252,13.535353660583496,13.063813209533691
07-12-2006,13.15235710144043,13.569024085998535,28258006,13.590066909790039,13.17340087890625,12.714470863342285
08-12-2006,13.15656566619873,13.362794876098633,41887217,13.594276428222656,13.367003440856934,12.901329040527344
11-12-2006,13.333333015441895,13.442761421203613,27524534,13.61111068725586,13.425926208496094,12.958199501037598
12-12-2006,13.261784553527832,13.442761421203613,28411495,13.446969985961914,13.375420570373535,12.909453392028809
13-12-2006,13.404882431030273,13.552188873291016,58936205,13.817339897155762,13.73316478729248,13.254734992980957
14-12-2006,13.57323169708252,13.741581916809082,39036017,13.88888931274414,13.720539093017578,13.242548942565918
15-12-2006,13.762625694274902,13.876262664794922,51178565,13.981480598449707,13.855218887329102,13.372536659240723
18-12-2006,13.501684188842773,13.947811126708984,34564860,13.947811126708984,13.644781112670898,13.169429779052734
19-12-2006,13.417508125305176,13.543770790100098,42528974,13.6574068069458,13.522727012634277,13.051628112792969
20-12-2006,13.316497802734375,13.446969985961914,31330174,13.6574068069458,13.324915885925293,12.86070728302002
21-12-2006,12.92087459564209,13.489056587219238,45137347,13.489056587219238,12.99663257598877,12.543859481811523
22-12-2006,12.714646339416504,13.106060981750488,33340982,13.106060981750488,12.718854904174805,12.275760650634766
26-12-2006,12.668350219726562,12.710437774658203,19455638,12.891413688659668,12.760943412780762,12.316383361816406
27-12-2006,12.723064422607422,12.811448097229004,30869467,12.933502197265625,12.861952781677246,12.413873672485352
28-12-2006,12.697811126708984,12.794612884521484,19282666,12.840909004211426,12.756733894348145,12.312318801879883
29-12-2006,12.634679794311523,12.697811126708984,28716811,12.744108200073242,12.655723571777344,12.214828491210938
03-01-2007,12.46212100982666,12.777777671813965,45536990,13.038721084594727,12.697811126708984,12.255450248718262
04-01-2007,12.819865226745605,12.828283309936523,44570196,13.358586311340332,13.295454978942871,12.832274436950684
05-01-2007,12.857744216918945,13.110268592834473,40998593,13.257575988769531,12.954545021057129,12.503239631652832
08-01-2007,12.314814567565918,12.824073791503906,65810686,13.055556297302246,12.5,12.064529418945312
09-01-2007,12.377945899963379,12.54208755493164,38138364,12.605218887329102,12.52104377746582,12.08484172821045
10-01-2007,12.281145095825195,12.415824890136719,55949810,12.512625694274902,12.331649780273438,11.902045249938965
11-01-2007,12.46212100982666,12.4957914352417,53479958,12.840909004211426,12.723064422607422,12.27982234954834
12-01-2007,12.596800804138184,12.723064422607422,39613385,12.807238578796387,12.626262664794922,12.186392784118652
16-01-2007,12.6010103225708,12.664140701293945,30471487,12.702019691467285,12.643097877502441,12.202640533447266
17-01-2007,12.596800804138184,12.617844581604004,43604352,12.828283309936523,12.605218887329102,12.166083335876465
18-01-2007,12.373737335205078,12.6010103225708,43153387,12.781987190246582,12.420034408569336,11.987348556518555
19-01-2007,12.352693557739258,12.365320205688477,59332759,12.622054100036621,12.48316478729248,12.048279762268066
22-01-2007,12.234848022460938,12.584175109863281,46486440,12.634679794311523,12.340066909790039,11.910168647766113
23-01-2007,12.037036895751953,12.302188873291016,48467549,12.390571594238281,12.045454978942871,11.62582015991211
24-01-2007,12.07912540435791,12.138047218322754,126184608,12.689393997192383,12.626262664794922,12.186392784118652
25-01-2007,13.468012809753418,14.141413688659668,224064403,14.22558879852295,13.6574068069458,13.18161678314209
26-01-2007,13.278619766235352,13.623737335205078,74767968,13.682660102844238,13.320707321166992,12.856644630432129
29-01-2007,13.21548843383789,13.257575988769531,70594524,13.57323169708252,13.468012809753418,12.998819351196289
30-01-2007,13.425926208496094,13.451177597045898,40133016,13.6574068069458,13.505891799926758,13.035378456115723
31-01-2007,13.295454978942871,13.501684188842773,52341617,13.758418083190918,13.632155418395996,13.157243728637695
01-02-2007,13.522727012634277,13.678450584411621,45939722,13.82575798034668,13.531145095825195,13.059751510620117
02-02-2007,13.484848022460938,13.552188873291016,40150361,13.758418083190918,13.636363983154297,13.161306381225586
05-02-2007,13.531145095825195,13.594276428222656,27701071,13.779460906982422,13.57323169708252,13.100372314453125
06-02-2007,13.543770790100098,13.636363983154297,42209640,13.88888931274414,13.82575798034668,13.34410285949707
07-02-2007,13.678450584411621,13.678450584411621,51752369,14.111952781677246,14.044612884521484,13.55533218383789
08-02-2007,13.859428405761719,14.057238578796387,36361829,14.179292678833008,14.132996559143066,13.640636444091797
09-02-2007,13.956229209899902,14.183502197265625,41848726,14.221380233764648,14.103534698486328,13.612200736999512
12-02-2007,13.76683521270752,13.994108200073242,24565226,14.048822402954102,13.80471420288086,13.32379150390625
13-02-2007,13.7542085647583,13.867844581604004,28618682,13.973064422607422,13.838383674621582,13.356287002563477
14-02-2007,13.838383674621582,13.867844581604004,28126850,14.145623207092285,14.086700439453125,13.595953941345215
15-02-2007,14.040404319763184,14.162458419799805,22803185,14.196127891540527,14.166666984558105,13.673133850097656
16-02-2007,14.111952781677246,14.18770980834961,24974136,14.217171669006348,14.149831771850586,13.656886100769043
20-02-2007,13.88888931274414,14.095117568969727,33912648,14.335017204284668,14.074073791503906,13.583765983581543
21-02-2007,13.943602561950684,13.998315811157227,32226638,14.22558879852295,14.099327087402344,13.608139991760254
22-02-2007,14.061448097229004,14.162458419799805,34830022,14.40656566619873,14.179292678833008,13.685319900512695
23-02-2007,14.099327087402344,14.141413688659668,32388682,14.335017204284668,14.305556297302246,13.807186126708984
26-02-2007,13.918350219726562,14.42760944366455,27678499,14.457071304321289,14.065656661987305,13.575644493103027
27-02-2007,13.468012809753418,13.863636016845703,53287502,13.989898681640625,13.468012809753418,12.998819351196289
28-02-2007,12.99663257598877,13.497474670410156,56757175,13.838383674621582,13.493266105651855,13.023192405700684
01-03-2007,12.941919326782227,13.211278915405273,52677583,13.6574068069458,13.438551902770996,12.970385551452637
02-03-2007,12.967171669006348,13.236532211303711,42530875,13.497474670410156,12.97558879852295,12.523550033569336
05-03-2007,12.748315811157227,12.811448097229004,35496014,13.055556297302246,12.777777671813965,12.332632064819336
06-03-2007,12.899831771850586,12.933502197265625,36186718,13.232322692871094,13.19023609161377,12.730719566345215
07-03-2007,13.005050659179688,13.17340087890625,29513959,13.257575988769531,13.05976390838623,12.604792594909668
08-03-2007,13.000842094421387,13.228114128112793,31842439,13.320707321166992,13.055556297302246,12.600733757019043
09-03-2007,12.92087459564209,13.143939018249512,28316930,13.198653221130371,12.971380233764648,12.519488334655762
12-03-2007,12.95875358581543,12.971380233764648,21786257,13.127103805541992,13.047138214111328,12.592607498168945
13-03-2007,12.781987190246582,12.99663257598877,34636140,13.085017204284668,12.798822402954102,12.352941513061523
14-03-2007,12.731480598449707,12.781987190246582,39843619,13.106060981750488,13.106060981750488,12.649477005004883
15-03-2007,13.282828330993652,13.333333015441895,50289941,13.505891799926758,13.358586311340332,12.893204689025879
16-03-2007,13.244949340820312,13.333333015441895,36576619,13.480640411376953,13.358586311340332,12.893204689025879
19-03-2007,13.257575988769531,13.489056587219238,27124654,13.670034408569336,13.345959663391113,12.881017684936523
20-03-2007,13.110268592834473,13.383837699890137,31953636,13.400672912597656,13.257575988769531,12.795713424682617
21-03-2007,13.110268592834473,13.299662590026855,45520121,13.535353660583496,13.535353660583496,13.063813209533691
22-03-2007,13.446969985961914,13.505891799926758,26137188,13.741581916809082,13.619528770446777,13.145057678222656
23-03-2007,13.333333015441895,13.682660102844238,26144554,13.703703880310059,13.396465301513672,12.929765701293945
26-03-2007,13.404882431030273,13.476430892944336,51664457,14.015151977539062,13.981480598449707,13.494400978088379
27-03-2007,13.867844581604004,13.952019691467285,33344309,14.103534698486328,14.027777671813965,13.539083480834961
28-03-2007,13.905723571777344,13.909933090209961,34754465,14.17087459564209,13.935185432434082,13.449716567993164
29-03-2007,13.720539093017578,14.048822402954102,27040068,14.078283309936523,13.905723571777344,13.421282768249512
30-03-2007,13.8425931930542,13.918350219726562,25592609,14.082491874694824,13.952019691467285,13.465965270996094
02-04-2007,13.79208755493164,13.956229209899902,21960655,14.086700439453125,13.88888931274414,13.405034065246582
03-04-2007,13.994108200073242,14.036194801330566,38016238,14.42340087890625,14.22558879852295,13.730003356933594
04-04-2007,14.154040336608887,14.292928695678711,27284083,14.34764289855957,14.191919326782227,13.697507858276367
05-04-2007,14.124579429626465,14.393939018249512,28696140,14.410774230957031,14.18770980834961,13.693443298339844
09-04-2007,14.141413688659668,14.204545021057129,37123812,14.271885871887207,14.200337409973145,13.705629348754883
10-04-2007,14.162458419799805,14.175084114074707,20444054,14.34343433380127,14.305556297302246,13.807186126708984
11-04-2007,14.078283309936523,14.301346778869629,25562671,14.335017204284668,14.145623207092285,13.652823448181152
12-04-2007,14.128787994384766,14.179292678833008,27878558,14.339225769042969,14.33080768585205,13.83155632019043
13-04-2007,14.372896194458008,14.38131332397461,42291612,14.675926208496094,14.638047218322754,14.128091812133789
16-04-2007,14.587541580200195,14.730640411376953,37353809,14.903199195861816,14.772727012634277,14.258081436157227
17-04-2007,14.680134773254395,14.835859298706055,25848742,14.877945899963379,14.814814567565918,14.298701286315918
18-04-2007,14.40656566619873,14.726430892944336,84319963,14.730640411376953,14.499157905578613,13.99404239654541
19-04-2007,13.867844581604004,14.667508125305176,124999934,14.734848022460938,13.968854904174805,13.482213973999023
20-04-2007,13.989898681640625,14.204545021057129,57981053,14.204545021057129,14.107744216918945,13.616265296936035
23-04-2007,14.019359588623047,14.048822402954102,34936942,14.280303001403809,14.107744216918945,13.616265296936035
24-04-2007,13.939393997192383,14.031987190246582,32010185,14.24663257598877,14.20875358581543,13.713754653930664
25-04-2007,14.158248901367188,14.318181991577148,37671718,14.372896194458008,14.212963104248047,13.717817306518555
26-04-2007,14.204545021057129,14.24663257598877,27817970,14.490740776062012,14.40235710144043,13.900613784790039
27-04-2007,14.242424011230469,14.263467788696289,31399078,14.553872108459473,14.38131332397461,13.880301475524902
30-04-2007,14.255050659179688,14.494949340820312,32223550,14.511784553527832,14.28451156616211,13.786873817443848
01-05-2007,13.880471229553223,14.34343433380127,35246534,14.34343433380127,14.082491874694824,13.59189224243164
02-05-2007,14.086700439453125,14.17087459564209,19900426,14.263467788696289,14.191919326782227,13.697507858276367
03-05-2007,14.158248901367188,14.234006881713867,42346973,14.625420570373535,14.570707321166992,14.06309986114502
04-05-2007,14.32659912109375,14.739056587219238,42394255,14.894781112670898,14.372896194458008,13.87217903137207
07-05-2007,14.271885871887207,14.377103805541992,23948654,14.574915885925293,14.301346778869629,13.803121566772461
08-05-2007,14.238215446472168,14.238215446472168,27254383,14.515993118286133,14.452861785888672,13.949358940124512
09-05-2007,14.40235710144043,14.448653221130371,28827533,14.760101318359375,14.726430892944336,14.213398933410645
10-05-2007,14.221380233764648,14.621212005615234,27383162,14.680134773254395,14.250842094421387,13.754377365112305
11-05-2007,14.229798316955566,14.32239055633545,20612988,14.46548843383789,14.393939018249512,13.892488479614258
14-05-2007,14.103534698486328,14.56229019165039,31182624,14.621212005615234,14.276094436645508,13.778749465942383
15-05-2007,14.074073791503906,14.339225769042969,27926078,14.46548843383789,14.099327087402344,13.608139991760254
16-05-2007,13.720539093017578,14.141413688659668,43500046,14.212963104248047,13.994108200073242,13.506587982177734
17-05-2007,13.8425931930542,14.010943412780762,23458248,14.095117568969727,13.880471229553223,13.3969087600708
18-05-2007,13.716329574584961,13.930975914001465,41476406,14.027777671813965,13.762625694274902,13.283169746398926
21-05-2007,13.699495315551758,13.762625694274902,27816307,13.947811126708984,13.7457914352417,13.266921997070312
22-05-2007,13.69528579711914,13.758418083190918,25198193,13.947811126708984,13.914140701293945,13.42940616607666
23-05-2007,13.813131332397461,13.943602561950684,30715265,14.141413688659668,13.838383674621582,13.356287002563477
24-05-2007,13.69528579711914,13.863636016845703,39142462,14.128787994384766,13.76683521270752,13.287232398986816
25-05-2007,13.720539093017578,13.817339897155762,18252432,13.884679794311523,13.741581916809082,13.262861251831055
29-05-2007,13.510101318359375,13.531145095825195,26890618,13.779460906982422,13.640571594238281,13.165367126464844
30-05-2007,13.497474670410156,13.552188873291016,39917513,13.985690116882324,13.981480598449707,13.494400978088379
31-05-2007,13.644781112670898,14.048822402954102,35894707,14.069865226745605,13.703703880310059,13.226299285888672
01-06-2007,13.57323169708252,13.7542085647583,24012094,13.77104377746582,13.581649780273438,13.108497619628906
04-06-2007,13.501684188842773,13.518519401550293,26502854,13.724746704101562,13.69528579711914,13.21817398071289
05-06-2007,13.303872108459473,13.644781112670898,45259474,13.69528579711914,13.337541580200195,12.872892379760742
06-06-2007,13.055556297302246,13.299662590026855,39990218,13.333333015441895,13.11868667602539,12.661664009094238
07-06-2007,12.870369911193848,13.047138214111328,39715553,13.25336742401123,12.882996559143066,12.434185028076172
08-06-2007,12.798822402954102,12.803030014038086,36759334,13.282828330993652,13.223905563354492,12.763216972351074
11-06-2007,13.13552188873291,13.236532211303711,22504522,13.324915885925293,13.25336742401123,12.791651725769043
12-06-2007,13.005050659179688,13.143939018249512,36540742,13.270201683044434,13.030303001403809,12.576358795166016
13-06-2007,12.97558879852295,13.047138214111328,43690601,13.287036895751953,13.249157905578613,12.787589073181152
14-06-2007,13.25336742401123,13.308080673217773,31202820,13.459595680236816,13.303872108459473,12.840396881103516
15-06-2007,13.388047218322754,13.459595680236816,38456273,13.547980308532715,13.484848022460938,13.015068054199219
18-06-2007,13.211278915405273,13.522727012634277,27867391,13.569024085998535,13.316497802734375,12.852582931518555
19-06-2007,13.11868667602539,13.299662590026855,31400503,13.362794876098633,13.202861785888672,12.74290657043457
20-06-2007,13.089225769042969,13.257575988769531,27676598,13.320707321166992,13.09764289855957,12.641353607177734
21-06-2007,13.009259223937988,13.063973426818848,39348461,13.211278915405273,13.101852416992188,12.645416259765625
22-06-2007,13.32912540435791,13.341751098632812,68456124,13.6489896774292,13.367003440856934,12.901329040527344
25-06-2007,13.337541580200195,13.400672912597656,31470833,13.57323169708252,13.446969985961914,12.978508949279785
26-06-2007,13.207071304321289,13.468012809753418,28386310,13.526935577392578,13.316497802734375,12.852582931518555
27-06-2007,13.211278915405273,13.223905563354492,24248030,13.531145095825195,13.501684188842773,13.031316757202148
28-06-2007,13.438551902770996,13.531145095825195,28998367,13.61111068725586,13.451177597045898,12.98257064819336
29-06-2007,13.392255783081055,13.472222328186035,24625814,13.615320205688477,13.543770790100098,13.071937561035156
02-07-2007,13.552188873291016,13.581649780273438,21424392,13.7542085647583,13.606902122497559,13.132869720458984
03-07-2007,13.489056587219238,13.653199195861816,12588998,13.699495315551758,13.531145095825195,13.059751510620117
05-07-2007,13.413299560546875,13.594276428222656,16181986,13.594276428222656,13.581649780273438,13.108497619628906
06-07-2007,13.543770790100098,13.594276428222656,39727195,14.280303001403809,14.053030014038086,13.563455581665039
09-07-2007,13.973064422607422,14.069865226745605,33957554,14.196127891540527,14.145623207092285,13.652823448181152
10-07-2007,13.838383674621582,14.061448097229004,23362258,14.120369911193848,13.8510103225708,13.368474006652832
11-07-2007,13.737374305725098,13.800504684448242,35484610,14.145623207092285,14.137205123901367,13.644699096679688
12-07-2007,14.036194801330566,14.179292678833008,44701826,14.41919231414795,14.40656566619873,13.904675483703613
13-07-2007,14.099327087402344,14.414982795715332,34219627,14.414982795715332,14.288721084594727,13.790937423706055
16-07-2007,14.149831771850586,14.238215446472168,36494647,14.56229019165039,14.473905563354492,13.969669342041016
17-07-2007,14.398147583007812,14.499157905578613,24115687,14.511784553527832,14.414982795715332,13.912798881530762
18-07-2007,14.24663257598877,14.414982795715332,69603494,14.507575988769531,14.33080768585205,13.83155632019043
19-07-2007,13.783670425415039,14.162458419799805,89015890,14.183502197265625,14.099327087402344,13.608139991760254
20-07-2007,13.989898681640625,14.065656661987305,61522481,14.179292678833008,14.111952781677246,13.620326042175293
23-07-2007,13.863636016845703,14.065656661987305,41384218,14.162458419799805,13.92676830291748,13.441594123840332
24-07-2007,13.783670425415039,13.783670425415039,59751410,14.17087459564209,13.914140701293945,13.42940616607666
25-07-2007,13.981480598449707,13.994108200073242,43293096,14.263467788696289,14.124579429626465,13.632513999938965
26-07-2007,13.6574068069458,13.88888931274414,76324248,14.048822402954102,13.901515007019043,13.417220115661621
27-07-2007,13.699495315551758,13.909933090209961,38153333,14.082491874694824,13.70791244506836,13.230360984802246
30-07-2007,13.480640411376953,13.678450584411621,29107901,13.813131332397461,13.724746704101562,13.246609687805176
31-07-2007,13.636363983154297,13.80892276763916,40073854,13.998315811157227,13.636363983154297,13.161306381225586
01-08-2007,13.489056587219238,13.556397438049316,39104921,13.829965591430664,13.796296119689941,13.315666198730469
02-08-2007,13.682660102844238,13.7457914352417,27011318,13.981480598449707,13.905723571777344,13.421282768249512
03-08-2007,13.909933090209961,14.044612884521484,43464881,14.259259223937988,14.023569107055664,13.535022735595703
06-08-2007,14.149831771850586,14.158248901367188,54372146,14.625420570373535,14.570707321166992,14.06309986114502
07-08-2007,14.436026573181152,14.469696998596191,76809902,15.273569107055664,15.105218887329102,14.578989028930664
08-08-2007,14.9957914352417,15.088383674621582,54386878,15.542928695678711,15.450337409973145,14.91208553314209
09-08-2007,14.82323169708252,14.840066909790039,52195255,15.757575988769531,15.399831771850586,14.863340377807617
10-08-2007,14.646465301513672,15.130471229553223,50531580,15.361952781677246,15.151515007019043,14.62367057800293
13-08-2007,14.789562225341797,15.235690116882324,32487048,15.235690116882324,14.953703880310059,14.432751655578613
14-08-2007,14.545454978942871,14.751684188842773,42733548,15.235690116882324,14.675926208496094,14.164653778076172
15-08-2007,14.520201683044434,14.583333015441895,33923578,14.848484992980957,14.532828330993652,14.026538848876953
16-08-2007,14.074073791503906,14.154040336608887,47530930,14.50336742401123,14.158248901367188,13.665008544921875
17-08-2007,14.141413688659668,14.267677307128906,44350654,14.457071304321289,14.36868667602539,13.868115425109863
20-08-2007,14.128787994384766,14.393939018249512,33180840,14.490740776062012,14.217171669006348,13.721877098083496
21-08-2007,14.292928695678711,14.335017204284668,30514018,14.587541580200195,14.478114128112793,13.97373104095459
22-08-2007,14.339225769042969,14.612794876098633,29998901,14.621212005615234,14.499157905578613,13.99404239654541
23-08-2007,14.267677307128906,14.499157905578613,26511408,14.57912540435791,14.393939018249512,13.892488479614258
24-08-2007,14.288721084594727,14.414982795715332,19397189,14.436026573181152,14.34343433380127,13.843742370605469
27-08-2007,14.095117568969727,14.158248901367188,23646190,14.356060981750488,14.116162300109863,13.624387741088867
28-08-2007,13.8510103225708,14.048822402954102,32947279,14.183502197265625,13.8510103225708,13.368474006652832
29-08-2007,13.79208755493164,13.947811126708984,32622718,14.090909004211426,14.078283309936523,13.58782958984375
30-08-2007,13.968854904174805,14.031987190246582,21391841,14.318181991577148,14.141413688659668,13.648761749267578
31-08-2007,14.175084114074707,14.30976390838623,22929826,14.40235710144043,14.351852416992188,13.85186767578125
04-09-2007,14.30976390838623,14.33080768585205,25563622,14.730640411376953,14.558080673217773,14.050912857055664
05-09-2007,14.42340087890625,14.42340087890625,33315559,14.911616325378418,14.827441215515137,14.31088924407959
06-09-2007,14.617003440856934,14.869528770446777,37469282,15.109428405761719,15.04208755493164,14.51805591583252
07-09-2007,14.688551902770996,14.869528770446777,33604006,14.936868667602539,14.835859298706055,14.319015502929688
10-09-2007,14.46548843383789,14.819024085998535,30187555,14.86111068725586,14.726430892944336,14.213398933410645
11-09-2007,14.764309883117676,14.781145095825195,37265422,15.328283309936523,15.281987190246582,14.749598503112793
12-09-2007,15.193602561950684,15.307238578796387,29724948,15.58080768585205,15.47558879852295,14.936454772949219
13-09-2007,15.366162300109863,15.61868667602539,42478366,15.934343338012695,15.845959663391113,15.293924331665039
14-09-2007,15.627103805541992,15.67760944366455,36709438,16.115320205688477,15.913299560546875,15.358916282653809
17-09-2007,15.509259223937988,15.782828330993652,21570516,15.837541580200195,15.702861785888672,15.15581226348877
18-09-2007,15.59764289855957,15.782828330993652,30060202,16.031145095825195,16.02272605895996,15.464531898498535
19-09-2007,16.018518447875977,16.035354614257812,32064358,16.32575798034668,16.25,15.683887481689453
20-09-2007,16.0479793548584,16.22895622253418,26514972,16.40993309020996,16.052188873291016,15.49296760559082
21-09-2007,16.052188873291016,16.33417510986328,47899210,16.58249282836914,16.414140701293945,15.84231185913086
24-09-2007,16.13215446472168,16.25,25988688,16.414140701293945,16.23737335205078,15.67170238494873
25-09-2007,16.182659149169922,16.203704833984375,26152632,16.489898681640625,16.443603515625,15.870746612548828
26-09-2007,16.31313133239746,16.468854904174805,25988688,16.523569107055664,16.489898681640625,15.915430068969727
27-09-2007,16.443603515625,16.641414642333984,22064486,16.641414642333984,16.52777862548828,15.95198917388916
28-09-2007,16.380470275878906,16.498315811157227,21551033,16.611953735351562,16.42255973815918,15.850436210632324
01-10-2007,16.329965591430664,16.418350219726562,28779538,16.797138214111328,16.691919326782227,16.11041259765625
02-10-2007,16.443603515625,16.679292678833008,19091873,16.746633529663086,16.553030014038086,15.976363182067871
03-10-2007,16.220539093017578,16.498315811157227,18246967,16.662458419799805,16.553030014038086,15.976363182067871
04-10-2007,16.254209518432617,16.481481552124023,18404971,16.574073791503906,16.481481552124023,15.907305717468262
05-10-2007,16.13215446472168,16.523569107055664,29593318,16.56986427307129,16.308923721313477,15.74075984954834
08-10-2007,15.883837699890137,16.296295166015625,28162490,16.308923721313477,16.060606002807617,15.501092910766602
09-10-2007,16.073232650756836,16.123737335205078,27872381,16.498315811157227,16.456228256225586,15.882932662963867
10-10-2007,16.42255973815918,16.481481552124023,14048575,16.611953735351562,16.574073791503906,15.996674537658691
11-10-2007,16.296295166015625,16.649831771850586,40830372,17.142255783081055,16.447811126708984,15.874808311462402
12-10-2007,16.489898681640625,16.56986427307129,22251953,16.84764289855957,16.79292869567871,16.20790672302246
15-10-2007,16.19528579711914,16.75084114074707,29628007,16.776094436645508,16.414140701293945,15.84231185913086
16-10-2007,16.102693557739258,16.473064422607422,27278618,16.489898681640625,16.245790481567383,15.679827690124512
17-10-2007,16.363636016845703,16.73821449279785,101650507,17.121212005615234,17.087541580200195,16.492252349853516
18-10-2007,15.837541580200195,16.094276428222656,120313274,16.329965591430664,16.035354614257812,15.476720809936523
19-10-2007,15.303030014038086,16.010101318359375,62638488,16.031145095825195,15.454545021057129,14.916147232055664
22-10-2007,15.029460906982422,15.252525329589844,42963782,15.370369911193848,15.281987190246582,14.749598503112793
23-10-2007,15.067339897155762,15.42087459564209,45508241,15.471380233764648,15.126262664794922,14.599299430847168
24-10-2007,14.730640411376953,15.159933090209961,40193129,15.202019691467285,15.067339897155762,14.542428970336914
25-10-2007,14.772727012634277,15.033670425415039,31197118,15.214646339416504,14.835859298706055,14.319015502929688
26-10-2007,15.01683521270752,15.07575798034668,43811777,15.509259223937988,15.42087459564209,14.883647918701172
29-10-2007,15.273569107055664,15.517677307128906,36547394,15.55976390838623,15.425084114074707,14.887711524963379
30-10-2007,15.248315811157227,15.361952781677246,21869417,15.471380233764648,15.374579429626465,14.838967323303223
31-10-2007,14.873737335205078,15.366162300109863,53305085,15.471380233764648,15.193602561950684,14.664294242858887
01-11-2007,14.688551902770996,15.1010103225708,40005425,15.143097877502441,14.730640411376953,14.217460632324219
02-11-2007,14.107744216918945,14.414982795715332,61920936,14.764309883117676,14.739056587219238,14.225584030151367
05-11-2007,14.086700439453125,14.511784553527832,50618542,14.604376792907715,14.351852416992188,13.85186767578125
06-11-2007,14.069865226745605,14.30976390838623,34413746,14.431818008422852,14.34764289855957,13.84780502319336
07-11-2007,14.107744216918945,14.149831771850586,39666845,14.545454978942871,14.179292678833008,13.685319900512695
08-11-2007,13.409090995788574,14.107744216918945,56419783,14.175084114074707,13.636363983154297,13.161306381225586
09-11-2007,13.636363983154297,13.71212100982666,85664066,14.452861785888672,14.082491874694824,13.59189224243164
12-11-2007,13.76683521270752,14.154040336608887,41493751,14.335017204284668,13.8425931930542,13.360349655151367
13-11-2007,13.543770790100098,13.994108200073242,42375485,14.20875358581543,13.985690116882324,13.498462677001953
14-11-2007,13.615320205688477,13.88888931274414,34846178,14.099327087402344,13.737374305725098,13.258796691894531
15-11-2007,13.388047218322754,13.779460906982422,40102128,13.8425931930542,13.522727012634277,13.051628112792969
16-11-2007,13.455387115478516,13.6489896774292,37012378,13.82575798034668,13.779460906982422,13.299417495727539
19-11-2007,13.468012809753418,13.779460906982422,39110148,13.943602561950684,13.556397438049316,13.084125518798828
20-11-2007,13.244949340820312,13.480640411376953,47230366,13.821549415588379,13.581649780273438,13.108497619628906
21-11-2007,13.09343433380127,13.404882431030273,25834010,13.636363983154297,13.295454978942871,12.832274436950684
23-11-2007,13.17340087890625,13.425926208496094,10202069,13.446969985961914,13.442761421203613,12.974448204040527
26-11-2007,13.021885871887207,13.577441215515137,39306643,13.67424201965332,13.047138214111328,12.592607498168945
27-11-2007,13.148147583007812,13.148147583007812,44506994,13.838383674621582,13.686868667602539,13.210050582885742
28-11-2007,13.947811126708984,13.994108200073242,48181003,14.583333015441895,14.204545021057129,13.70969295501709
29-11-2007,13.968854904174805,14.20875358581543,28313366,14.377103805541992,14.120369911193848,13.628450393676758
30-11-2007,13.977272987365723,14.297138214111328,32810422,14.335017204284668,14.111952781677246,13.620326042175293
03-12-2007,13.821549415588379,13.981480598449707,27772351,14.212963104248047,13.867844581604004,13.384722709655762
04-12-2007,13.762625694274902,13.78787899017334,28514614,14.061448097229004,13.859428405761719,13.376599311828613
05-12-2007,13.884679794311523,14.057238578796387,24531012,14.116162300109863,14.036194801330566,13.547207832336426
06-12-2007,14.057238578796387,14.234006881713867,27626465,14.34343433380127,14.212963104248047,13.717817306518555
07-12-2007,14.090909004211426,14.22558879852295,23172890,14.33080768585205,14.196127891540527,13.701568603515625
10-12-2007,13.977272987365723,14.078283309936523,24767424,14.297138214111328,14.24663257598877,13.750314712524414
11-12-2007,14.183502197265625,14.54124641418457,38407327,14.781145095825195,14.18770980834961,13.693443298339844
12-12-2007,14.20875358581543,14.444443702697754,38601684,14.617003440856934,14.482322692871094,13.977792739868164
13-12-2007,14.288721084594727,14.431818008422852,25683847,14.638047218322754,14.34764289855957,13.84780502319336
14-12-2007,13.71212100982666,14.238215446472168,33965633,14.250842094421387,13.762625694274902,13.283169746398926
17-12-2007,13.367003440856934,13.686868667602539,28597774,13.92676830291748,13.421716690063477,12.954136848449707
18-12-2007,13.320707321166992,13.514309883117676,26130060,13.653199195861816,13.459595680236816,12.99069595336914
19-12-2007,13.261784553527832,13.484848022460938,33563851,13.73316478729248,13.32912540435791,12.86476993560791
20-12-2007,13.535353660583496,13.653199195861816,32868158,14.154040336608887,14.044612884521484,13.55533218383789
21-12-2007,14.22558879852295,14.33080768585205,40948459,14.617003440856934,14.436026573181152,13.93310832977295
24-12-2007,14.267677307128906,14.431818008422852,9218167,14.558080673217773,14.38131332397461,13.880301475524902
26-12-2007,14.30976390838623,14.30976390838623,12288197,14.549662590026855,14.515993118286133,14.01029109954834
27-12-2007,14.145623207092285,14.520201683044434,19384834,14.591751098632812,14.162458419799805,13.669074058532715
28-12-2007,14.082491874694824,14.372896194458008,11281010,14.444443702697754,14.217171669006348,13.721877098083496
31-12-2007,13.905723571777344,14.099327087402344,14930309,14.141413688659668,13.968854904174805,13.482213973999023
02-01-2008,13.535353660583496,14.078283309936523,27943661,14.103534698486328,13.67424201965332,13.19786262512207
03-01-2008,13.678450584411621,13.73316478729248,20519136,14.019359588623047,13.821549415588379,13.34004020690918
04-01-2008,13.106060981750488,13.73316478729248,29543897,14.111952781677246,13.17340087890625,12.714470863342285
07-01-2008,12.693602561950684,13.223905563354492,44513172,13.265993118286133,12.811448097229004,12.365127563476562
08-01-2008,12.626262664794922,12.840909004211426,33702134,13.09343433380127,12.630471229553223,12.190455436706543
09-01-2008,12.209595680236816,12.672558784484863,42864228,12.744108200073242,12.571549415588379,12.133586883544922
10-01-2008,12.314814567565918,12.428450584411621,45606845,12.967171669006348,12.777777671813965,12.332632064819336
11-01-2008,12.32323169708252,12.630471229553223,29344075,12.794612884521484,12.491581916809082,12.056406021118164
14-01-2008,12.205387115478516,12.63888931274414,41139727,12.702019691467285,12.302188873291016,11.87360954284668
15-01-2008,11.721380233764648,12.201177597045898,52006838,12.201177597045898,11.763467788696289,11.353658676147461
16-01-2008,11.645623207092285,11.658248901367188,52113283,12.163299560546875,11.82239055633545,11.410526275634766
17-01-2008,11.792928695678711,12.108586311340332,51693682,12.188551902770996,11.835017204284668,11.422713279724121
18-01-2008,11.548822402954102,11.835017204284668,59257202,12.058080673217773,11.92340087890625,11.508017539978027
22-01-2008,10.951177597045898,10.980640411376953,50254776,11.82239055633545,11.460437774658203,11.061184883117676
23-01-2008,10.993266105651855,11.031145095825195,84443278,12.579965591430664,12.180134773254395,11.75580883026123
24-01-2008,10.837541580200195,11.182660102844238,126752710,11.553030014038086,11.439393997192383,11.040872573852539
25-01-2008,11.064814567565918,11.515151977539062,66868481,11.616162300109863,11.29208755493164,10.898698806762695
28-01-2008,11.022727012634277,11.119528770446777,39749530,11.456229209899902,11.30892276763916,10.914946556091309
29-01-2008,10.917508125305176,11.237374305725098,57136860,11.29208755493164,10.993266105651855,10.610286712646484
30-01-2008,10.79124641418457,10.803872108459473,57206239,11.359428405761719,11.069024085998535,10.683405876159668
31-01-2008,10.900672912597656,10.942761421203613,53046101,11.473064422607422,11.317339897155762,10.923070907592773
01-02-2008,11.380471229553223,11.637205123901367,61392751,12.205387115478516,12.125420570373535,11.70300006866455
04-02-2008,12.032828330993652,12.066497802734375,45935683,12.281145095825195,12.125420570373535,11.70300006866455
05-02-2008,11.654040336608887,11.914982795715332,42487870,11.986532211303711,11.691919326782227,11.284599304199219
06-02-2008,11.645623207092285,11.801346778869629,39923215,12.015993118286133,11.696127891540527,11.28866195678711
07-02-2008,11.523569107055664,11.523569107055664,40339490,11.986532211303711,11.717171669006348,11.308972358703613
08-02-2008,11.582491874694824,11.632996559143066,31515264,11.84764289855957,11.813973426818848,11.4024019241333
11-02-2008,11.616162300109863,11.742424011230469,27498161,11.961278915405273,11.856060981750488,11.443023681640625
12-02-2008,11.569865226745605,11.948653221130371,35751910,11.948653221130371,11.662458419799805,11.256166458129883
13-02-2008,11.447811126708984,11.780303001403809,35614102,11.78451156616211,11.721380233764648,11.313034057617188
14-02-2008,11.675084114074707,11.780303001403809,27647849,11.96548843383789,11.74663257598877,11.337408065795898
15-02-2008,11.574073791503906,11.641413688659668,28659550,11.851852416992188,11.696127891540527,11.28866195678711
19-02-2008,11.574073791503906,11.84343433380127,24804014,11.84764289855957,11.641413688659668,11.235855102539062
20-02-2008,11.20791244506836,11.531987190246582,39850985,11.553030014038086,11.464646339416504,11.065245628356934
21-02-2008,11.321549415588379,11.515151977539062,28936829,11.565656661987305,11.372054100036621,10.975878715515137
22-02-2008,11.355218887329102,11.401515007019043,34040002,11.679292678833008,11.662458419799805,11.256166458129883
25-02-2008,11.586700439453125,11.658248901367188,35086154,11.839225769042969,11.788721084594727,11.378029823303223
26-02-2008,11.384679794311523,11.68770980834961,40247302,11.82659912109375,11.578283309936523,11.174922943115234
27-02-2008,11.38888931274414,11.519359588623047,23689433,11.679292678833008,11.616162300109863,11.211483001708984
28-02-2008,11.393097877502441,11.502525329589844,22812214,11.628787994384766,11.477272987365723,11.077431678771973
29-02-2008,11.014309883117676,11.367844581604004,41515848,11.397306442260742,11.094276428222656,10.707777976989746
03-03-2008,10.820707321166992,11.039562225341797,32858417,11.069024085998535,10.879630088806152,10.5006103515625
04-03-2008,10.660774230957031,10.75336742401123,42871118,11.115320205688477,11.047980308532715,10.663095474243164
05-03-2008,10.968012809753418,11.014309883117676,29894832,11.418350219726562,11.2542085647583,10.862138748168945
06-03-2008,10.989056587219238,11.144781112670898,29162786,11.317339897155762,10.997474670410156,10.614349365234375
07-03-2008,10.740740776062012,10.904882431030273,34254792,11.140571594238281,10.850168228149414,10.472171783447266
10-03-2008,10.761784553527832,10.867003440856934,32671188,11.014309883117676,10.824915885925293,10.44780158996582
11-03-2008,10.837541580200195,11.047980308532715,33297264,11.1489896774292,11.115320205688477,10.728087425231934
12-03-2008,11.102693557739258,11.115320205688477,27307606,11.447811126708984,11.19107723236084,10.8012056350708
13-03-2008,10.951177597045898,11.136363983154297,29316276,11.376262664794922,11.237374305725098,10.845890998840332
14-03-2008,10.867003440856934,11.27104377746582,38601209,11.359428405761719,11.047980308532715,10.663095474243164
17-03-2008,10.563973426818848,10.778619766235352,39986417,10.993266105651855,10.845959663391113,10.468111038208008
18-03-2008,10.900672912597656,11.064814567565918,55134842,11.611952781677246,11.595117568969727,11.191171646118164
19-03-2008,11.553030014038086,11.557238578796387,48391279,12.159090995788574,11.561448097229004,11.158673286437988
20-03-2008,11.3510103225708,11.595117568969727,48809455,12.083333015441895,12.037036895751953,11.617694854736328
24-03-2008,11.910774230957031,11.948653221130371,37294409,12.760943412780762,12.546296119689941,12.109210968017578
25-03-2008,12.209595680236816,12.529460906982422,27993319,12.613636016845703,12.373737335205078,11.942666053771973
26-03-2008,12.201177597045898,12.3989896774292,27468223,12.436868667602539,12.403199195861816,11.971099853515625
27-03-2008,12.44107723236084,12.51683521270752,48963895,13.202861785888672,12.93770980834961,12.486991882324219
28-03-2008,12.647306442260742,13.026094436645508,33789334,13.15656566619873,12.718854904174805,12.275760650634766
31-03-2008,12.394781112670898,12.571549415588379,32526965,12.672558784484863,12.55892276763916,12.121399879455566
01-04-2008,12.815656661987305,12.828283309936523,37168006,13.236532211303711,13.219696998596191,12.7591552734375
02-04-2008,13.13131332397461,13.308080673217773,36186955,13.552188873291016,13.367003440856934,12.901329040527344
03-04-2008,13.278619766235352,13.585859298706055,41920006,13.602693557739258,13.350168228149414,12.885079383850098
04-04-2008,13.371212005615234,13.446969985961914,49773398,14.086700439453125,13.863636016845703,13.380660057067871
07-04-2008,13.619528770446777,13.92676830291748,25637278,14.057238578796387,13.6489896774292,13.173491477966309
08-04-2008,13.194443702697754,13.57323169708252,31280990,13.594276428222656,13.409090995788574,12.941949844360352
09-04-2008,13.16919231414795,13.455387115478516,21846607,13.468012809753418,13.29124641418457,12.828210830688477
10-04-2008,13.244949340820312,13.244949340820312,22810075,13.522727012634277,13.451177597045898,12.98257064819336
11-04-2008,12.916666984558105,13.249157905578613,24632942,13.31229019165039,12.992424011230469,12.539799690246582
14-04-2008,13.000842094421387,13.068181991577148,23748358,13.362794876098633,13.202861785888672,12.74290657043457
15-04-2008,13.164982795715332,13.383837699890137,26190886,13.451177597045898,13.29124641418457,12.828210830688477
16-04-2008,13.29124641418457,13.505891799926758,58167094,13.75,13.518519401550293,13.047565460205078
17-04-2008,12.731480598449707,13.15235710144043,60907810,13.21548843383789,13.051346778869629,12.59666919708252
18-04-2008,13.244949340820312,13.451177597045898,43665178,13.505891799926758,13.345959663391113,12.881017684936523
21-04-2008,12.777777671813965,13.106060981750488,36711576,13.25336742401123,12.891413688659668,12.44230842590332
22-04-2008,12.773569107055664,12.798822402954102,29381378,13.085017204284668,13.000842094421387,12.547924041748047
23-04-2008,12.718854904174805,13.000842094421387,27238464,13.005050659179688,12.908248901367188,12.458556175231934
24-04-2008,12.811448097229004,12.929292678833008,34108193,13.350168228149414,13.13552188873291,12.677912712097168
25-04-2008,12.878787994384766,13.13131332397461,26953344,13.240740776062012,13.17340087890625,12.714470863342285
28-04-2008,13.03451156616211,13.160774230957031,21355250,13.383837699890137,13.16919231414795,12.710409164428711
29-04-2008,13.047138214111328,13.11868667602539,16414121,13.186026573181152,13.08080768585205,12.625102996826172
30-04-2008,13.08080768585205,13.16919231414795,48996446,13.468012809753418,13.16919231414795,12.710409164428711
01-05-2008,12.971380233764648,12.97558879852295,27219218,13.392255783081055,13.375420570373535,12.909453392028809
02-05-2008,12.899831771850586,13.404882431030273,38726424,13.409090995788574,13.09343433380127,12.637290954589844
05-05-2008,12.950337409973145,13.009259223937988,22048092,13.194443702697754,12.988215446472168,12.535737991333008
06-05-2008,12.781987190246582,12.904040336608887,25078680,13.030303001403809,12.95875358581543,12.507303237915039
07-05-2008,12.487374305725098,12.832491874694824,29338373,12.99663257598877,12.54208755493164,12.105152130126953
08-05-2008,12.4957914352417,12.6010103225708,23678978,12.836700439453125,12.710437774658203,12.267637252807617
09-05-2008,12.327441215515137,12.617844581604004,19240848,12.706229209899902,12.626262664794922,12.186392784118652
12-05-2008,12.706229209899902,12.731480598449707,32499403,13.13131332397461,13.09764289855957,12.641353607177734
13-05-2008,12.925084114074707,13.042928695678711,31457290,13.265993118286133,13.219696998596191,12.7591552734375
14-05-2008,13.085017204284668,13.17340087890625,27652601,13.430134773254395,13.139731407165527,12.681975364685059
15-05-2008,12.988215446472168,13.110268592834473,27082361,13.442761421203613,13.438551902770996,12.970385551452637
16-05-2008,12.912458419799805,13.505891799926758,45081749,13.510101318359375,13.11868667602539,12.661664009094238
19-05-2008,12.899831771850586,13.13131332397461,21351211,13.202861785888672,12.99663257598877,12.543859481811523
20-05-2008,12.748315811157227,12.941919326782227,23808233,13.042928695678711,12.882996559143066,12.434185028076172
21-05-2008,12.533670425415039,12.967171669006348,36768125,13.021885871887207,12.655723571777344,12.214828491210938
22-05-2008,12.6010103225708,12.630471229553223,26068284,12.933502197265625,12.857744216918945,12.409811019897461
23-05-2008,12.6010103225708,12.702019691467285,23932498,12.807238578796387,12.702019691467285,12.25951099395752
27-05-2008,12.655723571777344,12.714646339416504,35916566,13.03451156616211,12.777777671813965,12.332632064819336
28-05-2008,12.247474670410156,12.786194801330566,36520308,12.857744216918945,12.47895622253418,12.044219017028809
29-05-2008,12.466329574584961,12.466329574584961,26621179,12.67676830291748,12.546296119689941,12.109210968017578
30-05-2008,12.436868667602539,12.546296119689941,24108322,12.643097877502441,12.630471229553223,12.190455436706543
02-06-2008,12.218012809753418,12.622054100036621,28965103,12.622054100036621,12.335859298706055,11.906106948852539
03-06-2008,12.154882431030273,12.411616325378418,40070290,12.727272987365723,12.32323169708252,11.893918991088867
04-06-2008,12.222222328186035,12.260101318359375,32440716,12.752525329589844,12.579965591430664,12.141709327697754
05-06-2008,12.512625694274902,12.664140701293945,22854744,12.756733894348145,12.651515007019043,12.21076774597168
06-06-2008,12.243266105651855,12.54208755493164,30475051,12.588383674621582,12.314814567565918,11.885795593261719
09-06-2008,12.007575988769531,12.293770790100098,29062282,12.45791244506836,12.234848022460938,11.808615684509277
10-06-2008,11.978114128112793,11.982322692871094,25985124,12.272727012634277,12.196969985961914,11.77205753326416
11-06-2008,11.632996559143066,12.104376792907715,48398170,12.167508125305176,11.666666984558105,11.260228157043457
12-06-2008,11.729798316955566,11.763467788696289,39682289,12.04124641418457,11.818181991577148,11.406463623046875
13-06-2008,11.78451156616211,11.96548843383789,40990752,12.074915885925293,11.944443702697754,11.528328895568848
16-06-2008,11.88131332397461,12.015993118286133,41291078,12.138047218322754,12.058080673217773,11.638007164001465
17-06-2008,11.990740776062012,12.074915885925293,34360049,12.209595680236816,12.125420570373535,11.70300006866455
18-06-2008,11.961278915405273,12.091751098632812,32103562,12.344276428222656,12.175926208496094,11.75174617767334
19-06-2008,11.92340087890625,12.196969985961914,26902260,12.335859298706055,12.276935577392578,11.849237442016602
20-06-2008,11.813973426818848,12.142255783081055,42555586,12.142255783081055,11.856060981750488,11.443023681640625
23-06-2008,11.569865226745605,11.957071304321289,35872373,11.961278915405273,11.67087459564209,11.264289855957031
24-06-2008,11.531987190246582,11.590909004211426,31050043,11.96548843383789,11.78451156616211,11.373968124389648
25-06-2008,11.78451156616211,11.82659912109375,30137422,12.037036895751953,11.851852416992188,11.43896198272705
26-06-2008,11.578283309936523,11.755050659179688,36927792,11.763467788696289,11.611952781677246,11.207419395446777
27-06-2008,11.42676830291748,11.561448097229004,33691918,11.780303001403809,11.620369911193848,11.215543746948242
30-06-2008,11.317339897155762,11.544612884521484,31461329,11.632996559143066,11.502525329589844,11.101805686950684
01-07-2008,11.3510103225708,11.372054100036621,38132899,11.759259223937988,11.675084114074707,11.268351554870605
02-07-2008,11.376262664794922,11.780303001403809,28753164,11.780303001403809,11.409933090209961,11.012439727783203
03-07-2008,11.258418083190918,11.409933090209961,15611270,11.548822402954102,11.279460906982422,10.88651180267334
07-07-2008,11.039562225341797,11.317339897155762,33406798,11.468854904174805,11.329965591430664,10.935256958007812
08-07-2008,11.241581916809082,11.363636016845703,44823240,12.070707321166992,12.058080673217773,11.638007164001465
09-07-2008,11.763467788696289,12.108586311340332,40913057,12.260101318359375,11.763467788696289,11.353658676147461
10-07-2008,11.565656661987305,11.80976390838623,29244996,11.994949340820312,11.860268592834473,11.447084426879883
11-07-2008,11.456229209899902,11.704545021057129,32295542,11.96548843383789,11.788721084594727,11.378029823303223
14-07-2008,11.42676830291748,11.910774230957031,29564330,11.952861785888672,11.569865226745605,11.166799545288086
15-07-2008,10.921716690063477,11.401515007019043,43966217,11.624579429626465,11.317339897155762,10.923070907592773
16-07-2008,11.2542085647583,11.515151977539062,50827154,11.92340087890625,11.82659912109375,11.414589881896973
17-07-2008,9.8989896774292,10.260943412780762,189775159,10.467171669006348,10.185185432434082,9.830357551574707
18-07-2008,9.987374305725098,10.130471229553223,54655128,10.214646339416504,10.0925931930542,9.74099063873291
21-07-2008,10.05892276763916,10.109428405761719,39347035,10.189393997192383,10.126262664794922,9.773487091064453
22-07-2008,10.0042085647583,10.0042085647583,44804945,10.568181991577148,10.538721084594727,10.171578407287598
23-07-2008,10.57659912109375,10.723905563354492,31142470,10.997474670410156,10.681818008422852,10.309687614440918
24-07-2008,10.17676830291748,10.610268592834473,40402692,10.694443702697754,10.265151977539062,9.907538414001465
25-07-2008,10.269359588623047,10.269359588623047,45524635,10.702861785888672,10.69023609161377,10.317813873291016
28-07-2008,10.328283309936523,10.681818008422852,26519724,10.723905563354492,10.429292678833008,10.065959930419922
29-07-2008,10.488215446472168,10.492424011230469,37233346,10.976430892944336,10.740740776062012,10.366559982299805
30-07-2008,10.555556297302246,10.740740776062012,27794686,10.959595680236816,10.728114128112793,10.35437297821045
31-07-2008,10.530303001403809,10.563973426818848,28564272,10.858586311340332,10.59343433380127,10.224385261535645
01-08-2008,10.04208755493164,10.639731407165527,58029998,10.643939018249512,10.345117568969727,9.98471736907959
04-08-2008,10.227272987365723,10.307238578796387,24542179,10.639731407165527,10.542928695678711,10.175639152526855
05-08-2008,10.530303001403809,10.702861785888672,33697858,10.81229019165039,10.778619766235352,10.403119087219238
06-08-2008,10.530303001403809,10.698653221130371,38987309,10.77441120147705,10.707071304321289,10.334063529968262
07-08-2008,10.538721084594727,10.719696998596191,33491383,10.909090995788574,10.71548843383789,10.342187881469727
08-08-2008,10.610268592834473,10.723905563354492,28380845,11.161616325378418,11.094276428222656,10.707777976989746
11-08-2008,10.799662590026855,10.976430892944336,27599854,11.367844581604004,11.258418083190918,10.866203308105469
12-08-2008,10.934343338012695,11.182660102844238,30153578,11.27104377746582,10.963805198669434,10.581852912902832
13-08-2008,10.761784553527832,10.896465301513672,31384109,11.106902122497559,10.858586311340332,10.48029899597168
14-08-2008,10.740740776062012,10.850168228149414,31788979,11.060606002807617,10.963805198669434,10.581852912902832
15-08-2008,10.909090995788574,10.942761421203613,26143366,11.140571594238281,10.934343338012695,10.553415298461914
18-08-2008,10.65235710144043,10.845959663391113,30272141,10.980640411376953,10.736532211303711,10.362497329711914
19-08-2008,10.648147583007812,10.648147583007812,23598194,10.850168228149414,10.686026573181152,10.313751220703125
20-08-2008,10.42087459564209,10.63552188873291,30506652,10.686026573181152,10.505050659179688,10.139080047607422
21-08-2008,10.189393997192383,10.429292678833008,30185179,10.429292678833008,10.319865226745605,9.960346221923828
22-08-2008,10.269359588623047,10.399831771850586,19982160,10.622896194458008,10.53451156616211,10.16751480102539
25-08-2008,10.357744216918945,10.467171669006348,19017742,10.47558879852295,10.425084114074707,10.06190013885498
26-08-2008,10.277777671813965,10.521885871887207,16967491,10.530303001403809,10.378787994384766,10.017215728759766
27-08-2008,10.298822402954102,10.382996559143066,15946286,10.563973426818848,10.471380233764648,10.10658073425293
28-08-2008,10.412458419799805,10.433502197265625,14979254,10.728114128112793,10.69023609161377,10.317813873291016
29-08-2008,10.395623207092285,10.542928695678711,24746990,10.610268592834473,10.492424011230469,10.126893043518066
02-09-2008,10.063131332397461,10.606060981750488,37736582,10.65656566619873,10.130471229553223,9.777549743652344
03-09-2008,10.126262664794922,10.168350219726562,28150848,10.298822402954102,10.202019691467285,9.846606254577637
04-09-2008,10.01683521270752,10.315656661987305,43129152,10.391413688659668,10.02104377746582,9.6719331741333
05-09-2008,9.781145095825195,9.840066909790039,54108648,10.290404319763184,10.0042085647583,9.655685424804688
08-09-2008,9.751684188842773,10.197811126708984,35996875,10.235690116882324,9.882155418395996,9.537885665893555
09-09-2008,9.549662590026855,9.886363983154297,34209648,10.012625694274902,9.553872108459473,9.221037864685059
10-09-2008,9.507575988769531,9.532828330993652,44264405,9.953703880310059,9.835859298706055,9.493202209472656
11-09-2008,9.604376792907715,9.663299560546875,42032390,9.865320205688477,9.692761421203613,9.35508918762207
12-09-2008,9.32659912109375,9.633837699890137,41257814,9.646465301513672,9.490740776062012,9.160106658935547
15-09-2008,9.132996559143066,9.191919326782227,36402221,9.553872108459473,9.259259223937988,8.936687469482422
16-09-2008,9.221380233764648,9.255050659179688,51850260,9.713805198669434,9.600168228149414,9.265721321105957
17-09-2008,9.158248901367188,9.431818008422852,48324989,9.621212005615234,9.22558879852295,8.904191017150879
18-09-2008,9.132996559143066,9.574915885925293,56129436,9.840066909790039,9.680134773254395,9.342902183532715
19-09-2008,9.297138214111328,9.974746704101562,55266473,10.01683521270752,9.751684188842773,9.411958694458008
22-09-2008,9.099327087402344,9.747474670410156,34278790,9.751684188842773,9.103534698486328,8.78639030456543
23-09-2008,9.036194801330566,9.191919326782227,41534143,9.318181991577148,9.040404319763184,8.725458145141602
24-09-2008,8.897306442260742,9.095117568969727,30962844,9.18770980834961,9.103534698486328,8.78639030456543
25-09-2008,8.943602561950684,9.18770980834961,35850514,9.52441120147705,9.410774230957031,9.082924842834473
26-09-2008,9.154040336608887,9.158248901367188,28451650,9.537036895751953,9.499157905578613,9.168229103088379
29-09-2008,8.396465301513672,9.377103805541992,53559079,9.537036895751953,8.396465301513672,8.103954315185547
30-09-2008,8.543770790100098,8.619528770446777,48481805,9.42760944366455,9.41919231414795,9.091049194335938
01-10-2008,8.73316478729248,9.267677307128906,41177981,9.356060981750488,8.775253295898438,8.469544410705566
02-10-2008,7.967172145843506,8.341751098632812,60477278,8.417508125305176,8.05976390838623,7.7789812088012695
03-10-2008,7.967172145843506,8.15235710144043,46623773,8.468012809753418,7.971380233764648,7.693676471710205
06-10-2008,7.028619766235352,7.786194801330566,88688002,7.786194801330566,7.529460906982422,7.267152309417725
07-10-2008,6.9402360916137695,7.622054100036621,53122133,7.773569107055664,6.944444179534912,6.702516555786133
08-10-2008,6.742424011230469,6.788721084594727,76022734,7.613636016845703,7.159090995788574,6.9096856117248535
09-10-2008,6.544612884521484,7.222221851348877,59635699,7.2474751472473145,6.717172145843506,6.483161449432373
10-10-2008,6.313130855560303,6.372054100036621,91729994,7.2390570640563965,7.041245937347412,6.79594612121582
13-10-2008,7.041245937347412,7.432660102844238,56432376,7.62626314163208,7.617845058441162,7.352457046508789
14-10-2008,7.398990154266357,7.840909004211426,59708880,7.891414165496826,7.466330051422119,7.206221103668213
15-10-2008,6.317339897155762,7.150672912597656,98327671,7.159090995788574,6.452020168304443,6.227247714996338
16-10-2008,5.76178503036499,6.157406806945801,116042890,6.3005051612854,6.3005051612854,6.081010818481445
17-10-2008,6.001684188842773,6.127945899963379,58500446,7.592593193054199,6.460437774658203,6.2353715896606445
20-10-2008,6.245790958404541,6.464645862579346,35638812,6.628787994384766,6.5109429359436035,6.284117698669434
21-10-2008,6.245790958404541,6.397305965423584,30737837,6.5109429359436035,6.258418083190918,6.040389537811279
22-10-2008,6.165824890136719,6.2373738288879395,47804645,6.380471229553223,6.32575798034668,6.105384349822998
23-10-2008,6.069024085998535,6.2626261711120605,62860406,6.481481075286865,6.447811126708984,6.223185062408447
24-10-2008,5.963805198669434,5.9932661056518555,61141133,6.485690116882324,6.2668352127075195,6.048513412475586
27-10-2008,6.106902122497559,6.182660102844238,40262983,6.468854904174805,6.115320205688477,5.90227746963501
28-10-2008,6.060606002807617,6.351009845733643,49028998,6.704545021057129,6.679293155670166,6.4466023445129395
29-10-2008,6.33838415145874,6.679293155670166,38026930,6.771885871887207,6.380471229553223,6.158191204071045
30-10-2008,6.32575798034668,6.620369911193848,38165926,6.700336933135986,6.477272987365723,6.251620292663574
31-10-2008,6.342593193054199,6.409933090209961,31496018,6.607744216918945,6.426767826080322,6.202874183654785
03-11-2008,6.241581916809082,6.283669948577881,33929280,6.447811126708984,6.317339897155762,6.097259044647217
04-11-2008,6.33838415145874,6.430975914001465,27435672,6.641414165496826,6.628787994384766,6.397856712341309
05-11-2008,6.186869144439697,6.548821926116943,30379774,6.603535175323486,6.195285797119141,5.979457378387451
06-11-2008,5.8459601402282715,6.153199195861816,42951902,6.313130855560303,5.875421047210693,5.6707353591918945
07-11-2008,5.858585834503174,5.963805198669434,26579362,6.106902122497559,5.972221851348877,5.764164447784424
10-11-2008,5.631312847137451,6.148990154266357,33378761,6.157406806945801,5.770202159881592,5.569181442260742
11-11-2008,5.4040398597717285,5.698653221130371,48921127,5.736532211303711,5.492424011230469,5.301080703735352
12-11-2008,5.172558784484863,5.429293155670166,34527557,5.492424011230469,5.176767826080322,4.996421813964844
13-11-2008,4.793770790100098,5.172558784484863,69752707,5.803872108459473,5.795454978942871,5.593555450439453
14-11-2008,5.202020168304443,5.572391033172607,59095634,5.719696998596191,5.202020168304443,5.02079439163208
17-11-2008,5.0,5.185184955596924,50874912,5.340909004211426,5.138888835906982,4.959862232208252
18-11-2008,4.936869144439697,5.294612884521484,48724632,5.315657138824463,5.176767826080322,4.996421813964844
19-11-2008,4.920033931732178,5.155724048614502,56015150,5.307239055633545,4.920033931732178,4.748631477355957
20-11-2008,4.688551902770996,4.915824890136719,64500559,5.189393997192383,4.701178073883057,4.537399768829346
21-11-2008,4.5917510986328125,4.8316497802734375,69022087,5.05892276763916,5.054714202880859,4.878620624542236
24-11-2008,5.033669948577881,5.134679794311523,64112558,5.450336933135986,5.387205123901367,5.199527740478516
25-11-2008,5.294612884521484,5.484006881713867,52697066,5.568181991577148,5.420875072479248,5.232024192810059
26-11-2008,5.303030014038086,5.366161823272705,33211728,5.694444179534912,5.67340087890625,5.475753307342529
28-11-2008,5.450336933135986,5.601851940155029,17172302,5.618687152862549,5.52609395980835,5.333578586578369
01-12-2008,5.138888835906982,5.458754062652588,35860968,5.484006881713867,5.147305965423584,4.9679856300354
02-12-2008,5.269360065460205,5.269360065460205,56279599,5.601851940155029,5.580808162689209,5.386386394500732
03-12-2008,5.4082489013671875,5.450336933135986,51607433,5.854376792907715,5.736532211303711,5.536685466766357
04-12-2008,5.479797840118408,5.639730930328369,48176251,5.824915885925293,5.639730930328369,5.443256378173828
05-12-2008,5.378787994384766,5.534512042999268,48859826,5.883838176727295,5.875421047210693,5.6707353591918945
08-12-2008,5.858585834503174,5.913300037384033,40893336,6.111111164093018,6.001684188842773,5.792600631713867
09-12-2008,5.850168228149414,5.968012809753418,40623660,6.16161584854126,5.968012809753418,5.760101318359375
10-12-2008,5.568181991577148,5.917508125305176,43337290,5.9890570640563965,5.803872108459473,5.601678848266602
11-12-2008,5.669191837310791,5.774411201477051,36340445,5.972221851348877,5.803872108459473,5.601678848266602
12-12-2008,5.63552188873291,5.72390604019165,39860014,6.064815044403076,6.005891799926758,5.796660423278809
15-12-2008,5.791245937347412,5.980639934539795,33452892,6.043770790100098,5.854376792907715,5.650423526763916
16-12-2008,5.909090995788574,5.909090995788574,58156639,6.435184955596924,6.384679794311523,6.162252426147461
17-12-2008,6.2626261711120605,6.317339897155762,37392062,6.5151519775390625,6.321548938751221,6.101320266723633
18-12-2008,6.010100841522217,6.384679794311523,34072315,6.405724048614502,6.148990154266357,5.934774398803711
19-12-2008,6.005891799926758,6.064815044403076,42496898,6.195285797119141,6.0816497802734375,5.869780540466309
22-12-2008,5.787036895751953,6.094275951385498,26177105,6.132154941558838,5.934342861175537,5.727603912353516
23-12-2008,5.610269069671631,6.031145095825195,37592359,6.031145095825195,5.732323169708252,5.532622814178467
24-12-2008,5.702861785888672,5.736532211303711,6294262,5.791245937347412,5.744948863983154,5.544808864593506
26-12-2008,5.694444179534912,5.765993118286133,8176766,5.879630088806152,5.72390604019165,5.524498462677002
29-12-2008,5.517676830291748,5.749157905578613,17495914,5.791245937347412,5.639730930328369,5.443256378173828
30-12-2008,5.627103805541992,5.67340087890625,22559170,5.875421047210693,5.875421047210693,5.6707353591918945
31-12-2008,5.707070827484131,5.782827854156494,24617261,5.9932661056518555,5.875421047210693,5.6707353591918945
02-01-2009,5.812290191650391,5.904881954193115,21384950,6.195285797119141,6.170033931732178,5.955084800720215
05-01-2009,5.9974751472473145,6.157406806945801,24705886,6.258418083190918,6.216330051422119,5.999768257141113
06-01-2009,6.203703880310059,6.220539093017578,30629016,6.5151519775390625,6.388888835906982,6.166316032409668
07-01-2009,6.047979831695557,6.119528770446777,23087354,6.21212100982666,6.1405720710754395,5.92664909362793
08-01-2009,6.010100841522217,6.0858588218688965,24447852,6.22895622253418,6.17424201965332,5.959146976470947
09-01-2009,5.921717166900635,6.153199195861816,22111294,6.203703880310059,5.972221851348877,5.764164447784424
12-01-2009,5.862794876098633,6.035354137420654,24921626,6.060606002807617,5.896464824676514,5.691046237945557
13-01-2009,5.829124927520752,5.934342861175537,40279378,6.005891799926758,5.946969985961914,5.7397918701171875
14-01-2009,5.378787994384766,5.76178503036499,48435710,5.778619766235352,5.437709808349609,5.248273849487305
15-01-2009,5.399831771850586,5.505051136016846,43979522,5.72390604019165,5.656566143035889,5.459505081176758
16-01-2009,5.429293155670166,5.76178503036499,45996746,5.770202159881592,5.580808162689209,5.386386394500732
20-01-2009,5.269360065460205,5.5597639083862305,34458653,5.606060981750488,5.281987190246582,5.097975730895996
21-01-2009,5.353535175323486,5.420875072479248,43087810,5.61447811126709,5.589225769042969,5.394510269165039
22-01-2009,4.814815044403076,5.03787899017334,103109609,5.03787899017334,4.91161584854126,4.740506649017334
23-01-2009,4.768518924713135,4.810606002807617,47376014,5.113636016845703,5.0505051612854,4.8745574951171875
26-01-2009,4.886363983154297,5.0505051612854,27836978,5.12626314163208,4.995790958404541,4.821749687194824
27-01-2009,4.966330051422119,5.0168352127075195,27215892,5.12626314163208,5.08838415145874,4.911116600036621
28-01-2009,5.172558784484863,5.218854904174805,32562367,5.450336933135986,5.353535175323486,5.167031288146973
29-01-2009,5.138888835906982,5.281987190246582,30596465,5.374578952789307,5.155724048614502,4.976110935211182
30-01-2009,5.03787899017334,5.223063945770264,29105287,5.223063945770264,5.05892276763916,4.882681369781494
02-02-2009,5.02104377746582,5.03787899017334,25870601,5.214645862579346,5.147305965423584,4.9679856300354
03-02-2009,5.1094279289245605,5.155724048614502,39930818,5.437709808349609,5.4040398597717285,5.215775489807129
04-02-2009,5.244108200073242,5.425084114074707,28186013,5.500842094421387,5.303030014038086,5.118285179138184
05-02-2009,5.193603038787842,5.2525248527526855,35869997,5.585017204284668,5.5597639083862305,5.366075038909912
06-02-2009,5.471380233764648,5.475588798522949,29358806,5.76178503036499,5.736532211303711,5.536685466766357
09-02-2009,5.639730930328369,5.698653221130371,22490978,5.883838176727295,5.829124927520752,5.626051902770996
10-02-2009,5.585017204284668,5.76178503036499,51824362,5.8417510986328125,5.618687152862549,5.422945499420166
11-02-2009,5.568181991577148,5.656566143035889,35012023,5.736532211303711,5.618687152862549,5.422945499420166
12-02-2009,5.429293155670166,5.568181991577148,41892682,5.631312847137451,5.631312847137451,5.435132026672363
13-02-2009,5.496633052825928,5.63552188873291,20521274,5.6902360916137695,5.551346778869629,5.3579511642456055
17-02-2009,5.1683502197265625,5.353535175323486,27282182,5.353535175323486,5.185184955596924,5.00454568862915
18-02-2009,5.092593193054199,5.189393997192383,24277255,5.345118045806885,5.2567338943481445,5.073602199554443
19-02-2009,5.084175109863281,5.3198652267456055,25549603,5.370369911193848,5.117845058441162,4.93955135345459
20-02-2009,5.029460906982422,5.071548938751221,33453130,5.197811126708984,5.12626314163208,4.947675704956055
23-02-2009,4.823232173919678,5.155724048614502,33712351,5.180975914001465,4.852694034576416,4.683638095855713
24-02-2009,4.772727012634277,4.8905720710754395,40542163,5.0,4.970539093017578,4.797377586364746
25-02-2009,4.877945899963379,4.903199195861816,46282579,5.113636016845703,4.936869144439697,4.764880180358887
26-02-2009,4.797979831695557,5.004209041595459,27520258,5.079966068267822,4.819024085998535,4.651141166687012
27-02-2009,4.419191837310791,4.7348480224609375,71131262,4.7474751472473145,4.574915885925293,4.415536403656006
02-03-2009,4.32659912109375,4.47390604019165,59614078,4.617002964019775,4.419191837310791,4.265237331390381
03-03-2009,4.36447811126709,4.368687152862549,49389199,4.515993118286133,4.38552188873291,4.232741355895996
04-03-2009,4.38552188873291,4.482323169708252,52590622,4.625421047210693,4.549663066864014,4.391163349151611
05-03-2009,4.38552188873291,4.465487957000732,54401371,4.541245937347412,4.40235710144043,4.248990058898926
06-03-2009,4.170875072479248,4.4360270500183105,54302530,4.461278915405273,4.389730930328369,4.23680305480957
09-03-2009,4.301346778869629,4.322391033172607,35024854,4.562290191650391,4.322391033172607,4.171809196472168
10-03-2009,4.40235710144043,4.461278915405273,43926300,4.692760944366455,4.671717166900635,4.508965492248535
11-03-2009,4.629630088806152,4.7390570640563965,42883949,4.945285797119141,4.894781112670898,4.724259376525879
12-03-2009,4.865320205688477,5.008418083190918,46448424,5.138888835906982,5.1094279289245605,4.931427478790283
13-03-2009,4.898990154266357,5.143097877502441,38451758,5.155724048614502,5.02104377746582,4.846122741699219
16-03-2009,4.856902122497559,5.0505051612854,30720730,5.079966068267822,4.865320205688477,4.695823669433594
17-03-2009,4.869528770446777,4.869528770446777,28158689,5.122054100036621,5.1094279289245605,4.931427478790283
18-03-2009,4.9873738288879395,5.0505051612854,29840659,5.2609429359436035,5.143097877502441,4.963924407958984
19-03-2009,5.067339897155762,5.206229209899902,29445293,5.210437774658203,5.151515007019043,4.972047805786133
20-03-2009,5.042088031768799,5.202020168304443,36283896,5.239899158477783,5.08838415145874,4.911116600036621
23-03-2009,5.155724048614502,5.244108200073242,32703502,5.496633052825928,5.496633052825928,5.305143356323242
24-03-2009,5.277778148651123,5.429293155670166,27257947,5.467172145843506,5.311448097229004,5.126410007476807
25-03-2009,5.193603038787842,5.370369911193848,27889963,5.479797840118408,5.345118045806885,5.158906936645508
26-03-2009,5.378787994384766,5.429293155670166,31563972,5.551346778869629,5.513467788696289,5.3213911056518555
27-03-2009,5.340909004211426,5.399831771850586,26540395,5.48821496963501,5.4082489013671875,5.219838619232178
30-03-2009,5.143097877502441,5.303030014038086,31095900,5.374578952789307,5.2525248527526855,5.069539546966553
31-03-2009,5.235690116882324,5.286194801330566,32820876,5.345118045806885,5.286194801330566,5.102036476135254
01-04-2009,5.1683502197265625,5.197811126708984,58662965,5.702861785888672,5.52609395980835,5.333578586578369
02-04-2009,5.538721084594727,5.6860270500183105,63360317,5.883838176727295,5.72390604019165,5.524498462677002
03-04-2009,5.736532211303711,5.808081150054932,44078364,6.157406806945801,6.022727012634277,5.8129096031188965
06-04-2009,5.787036895751953,5.913300037384033,30029076,6.018518924713135,5.900672912597656,5.6951069831848145
07-04-2009,5.702861785888672,5.854376792907715,28040839,5.862794876098633,5.719696998596191,5.5204362869262695
08-04-2009,5.656566143035889,5.757575988769531,26412091,5.879630088806152,5.871212005615234,5.666673183441162
09-04-2009,5.9974751472473145,6.090066909790039,41263279,6.329966068267822,6.321548938751221,6.101320266723633
13-04-2009,6.052188873291016,6.157406806945801,25849692,6.195285797119141,6.157406806945801,5.942897319793701
14-04-2009,5.9848480224609375,6.111111164093018,30270002,6.170033931732178,6.052188873291016,5.841344833374023
15-04-2009,5.9932661056518555,6.0816497802734375,57637483,6.195285797119141,6.026936054229736,5.816972255706787
16-04-2009,5.913300037384033,6.182660102844238,44320003,6.195285797119141,6.064815044403076,5.853531837463379
17-04-2009,5.808081150054932,6.026936054229736,41464051,6.098484992980957,6.056396961212158,5.845407009124756
20-04-2009,5.803872108459473,6.010100841522217,32248260,6.010100841522217,5.917508125305176,5.711356163024902
21-04-2009,5.753366947174072,5.829124927520752,45853711,6.026936054229736,6.014309883117676,5.804785251617432
22-04-2009,5.917508125305176,5.9848480224609375,73124964,6.355218887329102,6.220539093017578,6.003830432891846
23-04-2009,6.670875072479248,6.746633052825928,143259970,7.0917510986328125,6.994948863983154,6.751261234283447
24-04-2009,6.767676830291748,6.986532211303711,76075006,7.129630088806152,7.062290191650391,6.816257476806641
27-04-2009,6.77609395980835,6.822391033172607,45981302,7.01178503036499,6.931818008422852,6.6903300285339355
28-04-2009,6.780303001403809,6.801346778869629,50344826,6.97390604019165,6.818181991577148,6.580653190612793
29-04-2009,6.797138214111328,6.843433856964111,47148156,7.070706844329834,6.931818008422852,6.6903300285339355
30-04-2009,6.919191837310791,7.028619766235352,44241358,7.1801347732543945,6.931818008422852,6.6903300285339355
01-05-2009,6.763467788696289,6.788721084594727,33736111,7.015993118286133,6.948653221130371,6.706578254699707
04-05-2009,6.90235710144043,6.957070827484131,29930234,7.0917510986328125,7.045454978942871,6.8000078201293945
05-05-2009,6.969696998596191,6.990740776062012,47346077,7.268518924713135,7.2348480224609375,6.9828033447265625
06-05-2009,7.074915885925293,7.289562225341797,49392763,7.415824890136719,7.218012809753418,6.966553688049316
07-05-2009,6.919191837310791,7.344275951385498,47031494,7.398990154266357,7.045454978942871,6.8000078201293945
08-05-2009,7.070706844329834,7.100168228149414,41299870,7.398990154266357,7.314815044403076,7.0599846839904785
11-05-2009,7.100168228149414,7.175926208496094,26638286,7.361111164093018,7.251684188842773,6.999053001403809
12-05-2009,7.104376792907715,7.2474751472473145,22504284,7.344275951385498,7.184342861175537,6.934057712554932
13-05-2009,6.780303001403809,7.079124927520752,40163429,7.117002964019775,6.805555820465088,6.568465709686279
14-05-2009,6.851851940155029,6.898148059844971,42499037,7.188551902770996,7.0875420570373535,6.840628623962402
15-05-2009,6.999157905578613,7.112794876098633,31801097,7.184342861175537,7.117002964019775,6.8690643310546875
18-05-2009,7.117002964019775,7.159090995788574,37316268,7.4494948387146,7.4494948387146,7.189971923828125
19-05-2009,7.306396961212158,7.470539093017578,34461029,7.601009845733643,7.52104377746582,7.25902795791626
20-05-2009,7.3905720710754395,7.5,28102615,7.723063945770264,7.453703880310059,7.194035053253174
21-05-2009,7.112794876098633,7.369528770446777,33387552,7.407406806945801,7.218012809753418,6.966553688049316
22-05-2009,7.0959601402282715,7.205387115478516,30115800,7.407406806945801,7.306396961212158,7.0518598556518555
26-05-2009,7.133838176727295,7.213805198669434,35314963,7.46212100982666,7.382154941558838,7.1249775886535645
27-05-2009,7.0875420570373535,7.361111164093018,44821814,7.403199195861816,7.121212005615234,6.873126029968262
28-05-2009,6.948653221130371,7.142255783081055,40890010,7.344275951385498,7.297979831695557,7.043735504150391
29-05-2009,7.2432661056518555,7.293770790100098,31692514,7.415824890136719,7.415824890136719,7.157475471496582
01-06-2009,7.44107723236084,7.52104377746582,36216893,7.739899158477783,7.676767826080322,7.409328460693359
02-06-2009,7.508418083190918,7.685184955596924,39391229,7.702020168304443,7.55892276763916,7.295587539672852
03-06-2009,7.42424201965332,7.634679794311523,79740936,7.680975914001465,7.563130855560303,7.299649238586426
04-06-2009,7.5,7.5126261711120605,44922557,7.622054100036621,7.57575798034668,7.311835765838623
05-06-2009,7.3905720710754395,7.584175109863281,44495114,7.634679794311523,7.508418083190918,7.246842861175537
08-06-2009,7.314815044403076,7.5126261711120605,29259252,7.554714202880859,7.42424201965332,7.165599346160889
09-06-2009,7.415824890136719,7.508418083190918,29728512,7.542088031768799,7.453703880310059,7.194035053253174
10-06-2009,7.293770790100098,7.567339897155762,40766220,7.57575798034668,7.420033931732178,7.161538600921631
11-06-2009,7.415824890136719,7.470539093017578,78608059,7.638888835906982,7.525252819061279,7.263091564178467
12-06-2009,7.344275951385498,7.5505051612854,25859909,7.554714202880859,7.491581916809082,7.230593204498291
15-06-2009,7.188551902770996,7.42424201965332,36715378,7.466330051422119,7.323232173919678,7.068109035491943
16-06-2009,7.163300037384033,7.344275951385498,33736586,7.432660102844238,7.251684188842773,6.999053001403809
17-06-2009,7.154881954193115,7.2348480224609375,37855382,7.314815044403076,7.192760944366455,6.9421820640563965
18-06-2009,7.104376792907715,7.1801347732543945,35918942,7.255891799926758,7.205387115478516,6.954368591308594
19-06-2009,7.226430892944336,7.306396961212158,33094116,7.356902122497559,7.272727012634277,7.019362449645996
22-06-2009,6.893939018249512,7.192760944366455,38915791,7.264309883117676,6.92340087890625,6.682206153869629
23-06-2009,6.767676830291748,6.868687152862549,39878546,6.978114128112793,6.910774230957031,6.670019626617432
24-06-2009,6.919191837310791,6.952861785888672,32389632,7.205387115478516,7.053872108459473,6.808132648468018
25-06-2009,6.982323169708252,7.028619766235352,26127684,7.222221851348877,7.213805198669434,6.962492942810059
26-06-2009,7.171717166900635,7.184342861175537,67207061,7.365320205688477,7.302188873291016,7.047797203063965
29-06-2009,7.255891799926758,7.3358588218688965,124068067,7.445285797119141,7.306396961212158,7.0518598556518555
30-06-2009,7.0833330154418945,7.2474751472473145,61807838,7.352694034576416,7.209596157073975,6.958430767059326
01-07-2009,7.041245937347412,7.2390570640563965,38312525,7.264309883117676,7.062290191650391,6.816257476806641
02-07-2009,6.82659912109375,6.999157905578613,33622301,6.999157905578613,6.877103805541992,6.637521743774414
06-07-2009,6.784512042999268,6.872896194458008,42490958,6.944444179534912,6.92340087890625,6.682206153869629
07-07-2009,6.670875072479248,6.944444179534912,43955762,6.982323169708252,6.696127891540527,6.462851047515869
08-07-2009,6.679293155670166,6.750842094421387,42324401,6.90235710144043,6.742424011230469,6.507534027099609
09-07-2009,6.637205123901367,6.767676830291748,42248131,6.839225769042969,6.771885871887207,6.535969257354736
10-07-2009,6.73821496963501,6.73821496963501,38868984,6.914982795715332,6.860269069671631,6.621273994445801
13-07-2009,6.77609395980835,6.860269069671631,42295889,7.070706844329834,7.053872108459473,6.808132648468018
14-07-2009,7.01178503036499,7.070706844329834,53740606,7.209596157073975,7.192760944366455,6.9421820640563965
15-07-2009,7.205387115478516,7.2474751472473145,60581110,7.554714202880859,7.504209041595459,7.242780685424805
16-07-2009,7.41161584854126,7.420033931732178,79991842,7.933502197265625,7.8198652267456055,7.547439098358154
17-07-2009,7.706229209899902,7.874578952789307,29496852,7.878787994384766,7.807239055633545,7.535254001617432
20-07-2009,7.735690116882324,7.828282833099365,29328869,7.946127891540527,7.925084114074707,7.648993015289307
21-07-2009,7.803030014038086,7.954545021057129,46220090,7.992424011230469,7.967172145843506,7.689615249633789
22-07-2009,7.870369911193848,7.891414165496826,82395878,8.207071304321289,8.186026573181152,7.900846004486084
23-07-2009,8.720539093017578,8.8510103225708,138009722,9.078283309936523,9.057238578796387,8.741705894470215
24-07-2009,8.867844581604004,8.943602561950684,45697846,9.019359588623047,8.939393997192383,8.627965927124023
27-07-2009,8.939393997192383,8.989898681640625,44204292,9.242424011230469,9.162458419799805,8.843259811401367
28-07-2009,8.985690116882324,9.006733894348145,45784807,9.255050659179688,9.191919326782227,8.871694564819336
29-07-2009,8.973064422607422,9.086700439453125,34267147,9.28451156616211,9.006733894348145,8.692961692810059
30-07-2009,9.053030014038086,9.124579429626465,39052649,9.28451156616211,9.116162300109863,8.798577308654785
31-07-2009,8.939393997192383,9.120369911193848,42835716,9.120369911193848,8.943602561950684,8.632030487060547
03-08-2009,9.141413688659668,9.34343433380127,60635282,9.351852416992188,9.276094436645508,8.952937126159668
04-08-2009,9.078283309936523,9.196127891540527,37388974,9.28451156616211,9.191919326782227,8.871694564819336
05-08-2009,8.914140701293945,9.141413688659668,49181774,9.22558879852295,9.095117568969727,8.778265953063965
06-08-2009,9.002525329589844,9.031987190246582,62619955,9.515993118286133,9.457071304321289,9.127608299255371
07-08-2009,9.478114128112793,9.570707321166992,55578917,9.739056587219238,9.490740776062012,9.160106658935547
10-08-2009,9.32239055633545,9.537036895751953,31006325,9.537036895751953,9.46548843383789,9.135733604431152
11-08-2009,9.259259223937988,9.410774230957031,37859422,9.46548843383789,9.30976390838623,8.985433578491211
12-08-2009,9.28451156616211,9.32239055633545,35102786,9.511784553527832,9.40235710144043,9.074800491333008
13-08-2009,9.263467788696289,9.494949340820312,35779471,9.499157905578613,9.32659912109375,9.00168228149414
14-08-2009,9.048822402954102,9.30976390838623,36561175,9.33080768585205,9.107744216918945,8.79045295715332
17-08-2009,8.653199195861816,8.884679794311523,47988547,9.027777671813965,8.77104377746582,8.465482711791992
18-08-2009,8.73316478729248,8.800504684448242,28196230,8.876262664794922,8.821549415588379,8.514228820800781
19-08-2009,8.6489896774292,8.71212100982666,34806499,8.92676830291748,8.893097877502441,8.583282470703125
20-08-2009,8.8510103225708,8.8510103225708,21965882,9.044612884521484,9.006733894348145,8.692961692810059
21-08-2009,8.964646339416504,9.082491874694824,38016000,9.301346778869629,9.292928695678711,8.969184875488281
24-08-2009,9.288721084594727,9.288721084594727,25257830,9.431818008422852,9.356060981750488,9.030117988586426
25-08-2009,9.297138214111328,9.36447811126709,25630387,9.478114128112793,9.389731407165527,9.062614440917969
26-08-2009,9.162458419799805,9.33080768585205,38556540,9.393939018249512,9.372896194458008,9.046365737915039
27-08-2009,9.263467788696289,9.34343433380127,29877250,9.494949340820312,9.431818008422852,9.103236198425293
28-08-2009,9.410774230957031,9.478114128112793,32219273,9.654882431030273,9.452861785888672,9.123547554016113
31-08-2009,9.238215446472168,9.34764289855957,23652130,9.38552188873291,9.318181991577148,8.993557929992676
01-09-2009,9.053030014038086,9.318181991577148,90781495,9.755891799926758,9.124579429626465,8.80670166015625
02-09-2009,8.952019691467285,9.158248901367188,45127606,9.179292678833008,8.985690116882324,8.672650337219238
03-09-2009,8.905723571777344,8.952019691467285,32409353,9.048822402954102,9.019359588623047,8.705146789550781
04-09-2009,8.939393997192383,9.006733894348145,31235371,9.242424011230469,9.221380233764648,8.900128364562988
08-09-2009,9.099327087402344,9.263467788696289,29727562,9.301346778869629,9.18770980834961,8.867632865905762
09-09-2009,9.32239055633545,9.372896194458008,53210995,9.633837699890137,9.545454978942871,9.21291446685791
10-09-2009,9.659090995788574,9.671716690063477,50505682,9.94107723236084,9.894781112670898,9.550069808959961
11-09-2009,9.814814567565918,9.920034408569336,42083474,10.03787899017334,9.915824890136719,9.570381164550781
14-09-2009,9.831649780273438,9.844276428222656,32535281,10.03787899017334,10.025253295898438,9.675997734069824
15-09-2009,10.084175109863281,10.303030014038086,52838438,10.315656661987305,10.159933090209961,9.805984497070312
16-09-2009,10.096800804138184,10.290404319763184,62515886,10.324073791503906,10.235690116882324,9.87910270690918
17-09-2009,10.105218887329102,10.122054100036621,40844628,10.361952781677246,10.281987190246582,9.923787117004395
18-09-2009,10.227272987365723,10.319865226745605,50158073,10.412458419799805,10.244108200073242,9.887227058410645
21-09-2009,10.046296119689941,10.244108200073242,30784882,10.244108200073242,10.164140701293945,9.810046195983887
22-09-2009,10.126262664794922,10.281987190246582,33179414,10.307238578796387,10.290404319763184,9.931910514831543
23-09-2009,9.9957914352417,10.256733894348145,30710513,10.340909004211426,10.02104377746582,9.6719331741333
24-09-2009,9.768519401550293,10.13888931274414,38162837,10.164140701293945,9.9074068069458,9.562253952026367
25-09-2009,9.776935577392578,9.911616325378418,30476714,9.94528579711914,9.869528770446777,9.525699615478516
28-09-2009,9.882155418395996,9.915824890136719,25741346,10.105218887329102,10.067339897155762,9.716617584228516
29-09-2009,9.920034408569336,10.02104377746582,26172590,10.084175109863281,10.046296119689941,9.696308135986328
30-09-2009,9.726430892944336,10.071549415588379,55481026,10.079965591430664,9.932660102844238,9.586630821228027
01-10-2009,9.629630088806152,9.9074068069458,39411662,9.911616325378418,9.781145095825195,9.440393447875977
02-10-2009,9.486532211303711,9.625420570373535,34842139,9.709595680236816,9.553872108459473,9.221037864685059
05-10-2009,9.507575988769531,9.587541580200195,30867329,9.709595680236816,9.642255783081055,9.306342124938965
06-10-2009,9.781145095825195,9.789562225341797,68249174,10.084175109863281,10.079965591430664,9.728803634643555
07-10-2009,9.974746704101562,10.05892276763916,39071419,10.256733894348145,10.248315811157227,9.891287803649902
08-10-2009,10.332491874694824,10.340909004211426,60218532,10.58080768585205,10.441919326782227,10.078147888183594
09-10-2009,10.218854904174805,10.42087459564209,28327860,10.462963104248047,10.277777671813965,9.919724464416504
12-10-2009,10.332491874694824,10.378787994384766,27511704,10.492424011230469,10.429292678833008,10.065959930419922
13-10-2009,10.492424011230469,10.521885871887207,48664282,10.67760944366455,10.59764289855957,10.228446006774902
14-10-2009,10.530303001403809,10.71548843383789,37067263,10.723905563354492,10.707071304321289,10.334063529968262
15-10-2009,10.462963104248047,10.627103805541992,32784761,10.681818008422852,10.484006881713867,10.118768692016602
16-10-2009,10.239898681640625,10.547138214111328,44433576,10.55976390838623,10.307238578796387,9.948158264160156
19-10-2009,10.269359588623047,10.408248901367188,41054666,10.627103805541992,10.585017204284668,10.21626091003418
20-10-2009,10.404040336608887,10.61447811126709,34886808,10.643939018249512,10.547138214111328,10.179701805114746
21-10-2009,10.488215446472168,10.711278915405273,97286508,10.858586311340332,10.53451156616211,10.16751480102539
22-10-2009,9.793770790100098,10.117844581604004,125782351,10.277777671813965,10.088383674621582,9.736927032470703
23-10-2009,9.848484992980957,10.185185432434082,59494327,10.269359588623047,9.915824890136719,9.570381164550781
26-10-2009,9.688551902770996,9.869528770446777,43307827,10.02104377746582,9.819024085998535,9.47695255279541
27-10-2009,9.608586311340332,9.743266105651855,38042374,9.96212100982666,9.743266105651855,9.403834342956543
28-10-2009,9.545454978942871,9.638047218322754,46551067,9.928450584411621,9.574915885925293,9.241350173950195
29-10-2009,9.638047218322754,9.684343338012695,29163499,9.802188873291016,9.684343338012695,9.346963882446289
30-10-2009,9.313973426818848,9.696969985961914,44952494,9.722222328186035,9.372896194458008,9.046365737915039
02-11-2009,9.053030014038086,9.28451156616211,51095880,9.57912540435791,9.444443702697754,9.115423202514648
03-11-2009,9.30976390838623,9.36868667602539,33878196,9.507575988769531,9.473905563354492,9.143856048583984
04-11-2009,9.431818008422852,9.473905563354492,28856995,9.633837699890137,9.490740776062012,9.160106658935547
05-11-2009,9.621212005615234,9.667508125305176,29453134,9.848484992980957,9.781145095825195,9.440393447875977
06-11-2009,9.659090995788574,9.743266105651855,21375446,9.890571594238281,9.82323169708252,9.481013298034668
09-11-2009,9.739056587219238,9.840066909790039,34384522,9.890571594238281,9.793770790100098,9.452579498291016
10-11-2009,9.776935577392578,9.852693557739258,29915028,9.94107723236084,9.86111068725586,9.517573356628418
11-11-2009,9.886363983154297,9.932660102844238,31227055,10.04208755493164,10.0,9.651623725891113
12-11-2009,9.9957914352417,10.02104377746582,35329219,10.134679794311523,10.063131332397461,9.712554931640625
13-11-2009,9.936868667602539,10.046296119689941,27425930,10.122054100036621,9.991581916809082,9.643499374389648
16-11-2009,9.970539093017578,10.025253295898438,26092757,10.151515007019043,10.008418083190918,9.659748077392578
17-11-2009,9.806397438049316,9.98316478729248,27533088,10.0042085647583,9.953703880310059,9.606941223144531
18-11-2009,9.722222328186035,9.8989896774292,25413696,9.920034408569336,9.760101318359375,9.420082092285156
19-11-2009,9.680134773254395,9.705387115478516,36043682,9.882155418395996,9.760101318359375,9.420082092285156
20-11-2009,9.574915885925293,9.713805198669434,39797525,9.743266105651855,9.591751098632812,9.257597923278809
23-11-2009,9.646465301513672,9.671716690063477,27796349,9.8989896774292,9.869528770446777,9.525699615478516
24-11-2009,9.760101318359375,9.894781112670898,26147405,9.987374305725098,9.928450584411621,9.582566261291504
25-11-2009,9.890571594238281,9.987374305725098,16041326,9.9957914352417,9.936868667602539,9.590691566467285
27-11-2009,9.595959663391113,9.654882431030273,16151098,9.86111068725586,9.772727012634277,9.432269096374512
30-11-2009,9.764309883117676,9.768519401550293,55859760,10.328283309936523,10.298822402954102,9.940035820007324
01-12-2009,10.050504684448242,10.353534698486328,74554603,10.416666984558105,10.1010103225708,9.749114990234375
02-12-2009,9.974746704101562,10.159933090209961,44252287,10.189393997192383,10.0,9.651623725891113
03-12-2009,9.92424201965332,10.067339897155762,26559403,10.0925931930542,9.932660102844238,9.586630821228027
04-12-2009,9.82323169708252,10.071549415588379,30569616,10.1010103225708,9.96212100982666,9.615065574645996
07-12-2009,9.722222328186035,9.9074068069458,34104391,10.088383674621582,9.730640411376953,9.391647338867188
08-12-2009,9.452861785888672,9.663299560546875,44040348,9.667508125305176,9.50336742401123,9.17229175567627
09-12-2009,9.28451156616211,9.448653221130371,42033816,9.566497802734375,9.56229019165039,9.22916316986084
10-12-2009,9.44023609161377,9.617003440856934,36978401,9.680134773254395,9.482322692871094,9.15198040008545
11-12-2009,9.469696998596191,9.511784553527832,25015241,9.625420570373535,9.553872108459473,9.221037864685059
14-12-2009,9.478114128112793,9.56229019165039,20663834,9.612794876098633,9.537036895751953,9.204788208007812
15-12-2009,9.36868667602539,9.42760944366455,19194278,9.545454978942871,9.444443702697754,9.115423202514648
16-12-2009,9.511784553527832,9.515993118286133,32123520,9.680134773254395,9.633837699890137,9.2982177734375
17-12-2009,9.490740776062012,9.553872108459473,30392366,9.663299560546875,9.591751098632812,9.257597923278809
18-12-2009,9.36868667602539,9.663299560546875,57079123,9.675926208496094,9.54124641418457,9.20885181427002
21-12-2009,9.545454978942871,9.595959663391113,24162970,9.659090995788574,9.625420570373535,9.290094375610352
22-12-2009,9.587541580200195,9.612794876098633,21908146,9.709595680236816,9.646465301513672,9.310405731201172
23-12-2009,9.692761421203613,9.696969985961914,54500213,10.202019691467285,10.088383674621582,9.736927032470703
24-12-2009,10.025253295898438,10.147306442260742,8414604,10.147306442260742,10.05471420288086,9.704432487487793
28-12-2009,9.991581916809082,10.046296119689941,14350090,10.1010103225708,10.046296119689941,9.696308135986328
29-12-2009,9.94528579711914,10.0042085647583,14148367,10.046296119689941,9.966329574584961,9.619126319885254
30-12-2009,9.932660102844238,9.94528579711914,14747832,10.05892276763916,10.01683521270752,9.667872428894043
31-12-2009,9.894781112670898,10.096800804138184,14233666,10.1010103225708,9.903199195861816,9.558195114135742
04-01-2010,9.94107723236084,9.98316478729248,22511650,10.0925931930542,10.05892276763916,9.708495140075684
05-01-2010,9.890571594238281,10.012625694274902,26683193,10.05892276763916,9.953703880310059,9.606941223144531
06-01-2010,9.865320205688477,9.94528579711914,26368610,10.01683521270752,9.890571594238281,9.546008110046387
07-01-2010,9.751684188842773,9.886363983154297,25220052,9.886363983154297,9.776935577392578,9.436330795288086
08-01-2010,9.722222328186035,9.760101318359375,30484080,9.949495315551758,9.894781112670898,9.550069808959961
11-01-2010,9.785353660583496,9.903199195861816,18331078,9.9957914352417,9.869528770446777,9.525699615478516
12-01-2010,9.663299560546875,9.844276428222656,25572175,9.865320205688477,9.760101318359375,9.420082092285156
13-01-2010,9.726430892944336,9.819024085998535,24620587,9.94528579711914,9.932660102844238,9.586630821228027
14-01-2010,9.617003440856934,9.890571594238281,42094166,9.890571594238281,9.629630088806152,9.294157981872559
15-01-2010,9.30976390838623,9.675926208496094,64256306,9.705387115478516,9.457071304321289,9.127608299255371
19-01-2010,9.377103805541992,9.377103805541992,49852994,9.844276428222656,9.789562225341797,9.448518753051758
20-01-2010,9.335017204284668,9.760101318359375,92230618,9.760101318359375,9.356060981750488,9.030117988586426
21-01-2010,9.953703880310059,10.063131332397461,155599726,10.336700439453125,10.155723571777344,9.801923751831055
22-01-2010,9.772727012634277,10.1010103225708,57422930,10.17676830291748,9.92424201965332,9.578502655029297
25-01-2010,9.831649780273438,9.97895622253418,43646170,10.05471420288086,9.970539093017578,9.623189926147461
26-01-2010,9.877945899963379,9.903199195861816,54598342,10.252525329589844,10.130471229553223,9.777549743652344
27-01-2010,9.94528579711914,10.02104377746582,49443134,10.206229209899902,10.088383674621582,9.736927032470703
28-01-2010,9.713805198669434,10.1010103225708,48289349,10.134679794311523,9.819024085998535,9.47695255279541
29-01-2010,9.625420570373535,9.869528770446777,53646991,10.1010103225708,9.688551902770996,9.351027488708496
01-02-2010,9.638047218322754,9.642255783081055,26327506,9.840066909790039,9.751684188842773,9.411958694458008
02-02-2010,9.646465301513672,9.701177597045898,28234958,9.819024085998535,9.713805198669434,9.375399589538574
03-02-2010,9.629630088806152,9.667508125305176,34180661,9.810606002807617,9.776935577392578,9.436330795288086
04-02-2010,9.42760944366455,9.659090995788574,46628050,9.802188873291016,9.448653221130371,9.119486808776855
05-02-2010,9.360268592834473,9.436026573181152,37072728,9.591751098632812,9.558080673217773,9.22510051727295
08-02-2010,9.448653221130371,9.566497802734375,20112602,9.659090995788574,9.46548843383789,9.135733604431152
09-02-2010,9.360268592834473,9.583333015441895,28657411,9.638047218322754,9.414982795715332,9.086986541748047
10-02-2010,9.154040336608887,9.389731407165527,37093162,9.42340087890625,9.242424011230469,8.920440673828125
11-02-2010,9.065656661987305,9.179292678833008,30785594,9.339225769042969,9.313973426818848,8.989497184753418
12-02-2010,9.053030014038086,9.154040336608887,42511630,9.280303001403809,9.162458419799805,8.843259811401367
16-02-2010,9.255050659179688,9.255050659179688,34442021,9.482322692871094,9.478114128112793,9.147918701171875
17-02-2010,9.414982795715332,9.473905563354492,28001635,9.574915885925293,9.545454978942871,9.21291446685791
18-02-2010,9.478114128112793,9.617003440856934,21359052,9.633837699890137,9.612794876098633,9.277909278869629
19-02-2010,9.452861785888672,9.642255783081055,46963541,9.886363983154297,9.856902122497559,9.513511657714844
22-02-2010,9.709595680236816,9.856902122497559,34242437,9.890571594238281,9.797980308532715,9.456642150878906
23-02-2010,9.549662590026855,9.743266105651855,24659791,9.764309883117676,9.633837699890137,9.2982177734375
24-02-2010,9.638047218322754,9.718012809753418,24076958,9.844276428222656,9.789562225341797,9.448518753051758
25-02-2010,9.499157905578613,9.680134773254395,38203942,9.692761421203613,9.680134773254395,9.342902183532715
26-02-2010,9.520201683044434,9.667508125305176,37546978,9.701177597045898,9.688551902770996,9.351027488708496
01-03-2010,9.663299560546875,9.730640411376953,44650505,10.071549415588379,10.050504684448242,9.700368881225586
02-03-2010,10.01683521270752,10.02104377746582,36125179,10.151515007019043,10.096800804138184,9.745052337646484
03-03-2010,9.827441215515137,9.92424201965332,35194262,10.07575798034668,9.894781112670898,9.550069808959961
04-03-2010,9.663299560546875,9.684343338012695,28079568,10.01683521270752,10.008418083190918,9.659748077392578
05-03-2010,10.01683521270752,10.01683521270752,55289758,10.500842094421387,10.366162300109863,10.005030632019043
08-03-2010,10.269359588623047,10.281987190246582,26778233,10.49663257598877,10.454545021057129,10.090333938598633
09-03-2010,10.374579429626465,10.378787994384766,51349874,10.82912540435791,10.736532211303711,10.362497329711914
10-03-2010,10.65656566619873,10.71548843383789,32503918,10.862794876098633,10.757575988769531,10.382808685302734
11-03-2010,10.589225769042969,10.702861785888672,53725162,10.930134773254395,10.707071304321289,10.334063529968262
12-03-2010,10.732322692871094,10.770201683044434,36094054,10.942761421203613,10.930134773254395,10.54935359954834
15-03-2010,10.854376792907715,10.930134773254395,45463810,11.21212100982666,11.060606002807617,10.675280570983887
16-03-2010,11.043770790100098,11.165824890136719,43619558,11.30471420288086,11.275253295898438,10.882450103759766
17-03-2010,11.26683521270752,11.283670425415039,36523159,11.510943412780762,11.355218887329102,10.959630012512207
18-03-2010,11.329965591430664,11.430975914001465,28619158,11.574073791503906,11.557238578796387,11.154611587524414
19-03-2010,11.380471229553223,11.637205123901367,51354626,11.691919326782227,11.443602561950684,11.04493522644043
22-03-2010,11.203703880310059,11.2542085647583,32926133,11.447811126708984,11.393097877502441,10.99618911743164
23-03-2010,11.2457914352417,11.372054100036621,25999142,11.456229209899902,11.384679794311523,10.98806381225586
24-03-2010,11.30471420288086,11.355218887329102,26729287,11.443602561950684,11.338383674621582,10.943381309509277
25-03-2010,11.590909004211426,11.658248901367188,76668530,11.94023609161377,11.599327087402344,11.195234298706055
26-03-2010,11.481480598449707,11.628787994384766,27346810,11.679292678833008,11.553030014038086,11.150550842285156
29-03-2010,11.435185432434082,11.574073791503906,26923406,11.582491874694824,11.481480598449707,11.081493377685547
30-03-2010,11.338383674621582,11.565656661987305,26093232,11.574073791503906,11.422558784484863,11.024625778198242
31-03-2010,11.300504684448242,11.363636016845703,19122286,11.443602561950684,11.3510103225708,10.955567359924316
01-04-2010,11.17424201965332,11.414140701293945,34278552,11.485690116882324,11.182660102844238,10.793082237243652
05-04-2010,11.153199195861816,11.153199195861816,30390228,11.645623207092285,11.519359588623047,11.11805248260498
06-04-2010,11.317339897155762,11.452019691467285,36571630,11.557238578796387,11.477272987365723,11.077431678771973
07-04-2010,11.220539093017578,11.397306442260742,42066367,11.435185432434082,11.300504684448242,10.90682315826416
08-04-2010,11.010101318359375,11.098484992980957,47572272,11.2542085647583,11.136363983154297,10.74839973449707
09-04-2010,11.060606002807617,11.132155418395996,22662050,11.199495315551758,11.17424201965332,10.784956932067871
12-04-2010,11.1574068069458,11.21212100982666,19034374,11.275253295898438,11.20791244506836,10.817455291748047
13-04-2010,11.047980308532715,11.165824890136719,27536177,11.21212100982666,11.21212100982666,10.821516990661621
14-04-2010,11.237374305725098,11.296296119689941,35021290,11.405723571777344,11.380471229553223,10.984002113342285
15-04-2010,11.329965591430664,11.435185432434082,33489720,11.452019691467285,11.355218887329102,10.959630012512207
16-04-2010,11.035353660583496,11.3510103225708,48457570,11.376262664794922,11.081649780273438,10.695592880249023
19-04-2010,10.837541580200195,11.026935577392578,27368431,11.102693557739258,11.077441215515137,10.691530227661133
20-04-2010,11.035353660583496,11.144781112670898,30383338,11.186868667602539,11.11111068725586,10.724024772644043
21-04-2010,10.900672912597656,11.085859298706055,63975701,11.186868667602539,11.064814567565918,10.679343223571777
22-04-2010,10.05892276763916,10.286194801330566,134770284,10.441919326782227,10.429292678833008,10.065959930419922
23-04-2010,10.273569107055664,10.416666984558105,61910957,10.446127891540527,10.332491874694824,9.972533226013184
26-04-2010,10.180975914001465,10.281987190246582,52156051,10.433502197265625,10.336700439453125,9.976594924926758
27-04-2010,9.95791244506836,10.269359588623047,62393998,10.311448097229004,10.0042085647583,9.655685424804688
28-04-2010,9.970539093017578,10.05892276763916,39431858,10.117844581604004,10.096800804138184,9.745052337646484
29-04-2010,10.0042085647583,10.1010103225708,39855974,10.231480598449707,10.202019691467285,9.846606254577637
30-04-2010,10.0042085647583,10.164140701293945,36319774,10.248315811157227,10.008418083190918,9.659748077392578
03-05-2010,9.94107723236084,9.953703880310059,25973957,10.143097877502441,10.063131332397461,9.712554931640625
04-05-2010,9.452861785888672,9.772727012634277,88734096,9.793770790100098,9.713805198669434,9.375399589538574
05-05-2010,9.499157905578613,9.713805198669434,61155151,9.785353660583496,9.537036895751953,9.204788208007812
06-05-2010,8.653199195861816,9.511784553527832,71709343,9.743266105651855,9.372896194458008,9.046365737915039
07-05-2010,8.943602561950684,9.32239055633545,71566783,9.553872108459473,9.040404319763184,8.725458145141602
10-05-2010,9.30976390838623,9.52441120147705,47490062,9.608586311340332,9.398147583007812,9.070738792419434
11-05-2010,9.24663257598877,9.32659912109375,30914849,9.595959663391113,9.41919231414795,9.091049194335938
12-05-2010,9.356060981750488,9.482322692871094,26510933,9.511784553527832,9.473905563354492,9.143856048583984
13-05-2010,9.537036895751953,9.747474670410156,47767579,9.810606002807617,9.545454978942871,9.21291446685791
14-05-2010,9.292928695678711,9.515993118286133,41775545,9.532828330993652,9.36447811126709,9.038243293762207
17-05-2010,9.255050659179688,9.32659912109375,34881581,9.486532211303711,9.473905563354492,9.143856048583984
18-05-2010,9.313973426818848,9.52441120147705,40377506,9.583333015441895,9.33080768585205,9.005744934082031
19-05-2010,9.040404319763184,9.259259223937988,74340050,9.30976390838623,9.107744216918945,8.79045295715332
20-05-2010,8.585859298706055,8.897306442260742,81660269,9.031987190246582,8.758418083190918,8.453295707702637
21-05-2010,8.547980308532715,8.547980308532715,68853866,9.040404319763184,9.015151977539062,8.701086044311523
24-05-2010,8.88888931274414,8.977272987365723,48636720,9.183502197265625,8.989898681640625,8.676711082458496
25-05-2010,8.653199195861816,8.73316478729248,59012474,9.095117568969727,9.086700439453125,8.7701416015625
26-05-2010,8.964646339416504,9.145623207092285,42581484,9.276094436645508,8.998315811157227,8.684835433959961
27-05-2010,9.086700439453125,9.162458419799805,33229786,9.22558879852295,9.221380233764648,8.900128364562988
28-05-2010,8.897306442260742,9.234006881713867,35250574,9.238215446472168,9.010943412780762,8.69702434539795
01-06-2010,8.80471420288086,8.846800804138184,28138493,9.069865226745605,8.821549415588379,8.514228820800781
02-06-2010,8.71212100982666,8.8510103225708,29447431,8.947811126708984,8.943602561950684,8.632030487060547
03-06-2010,8.92676830291748,9.057238578796387,56722486,9.335017204284668,9.335017204284668,9.009807586669922
04-06-2010,9.217171669006348,9.238215446472168,133898767,9.612794876098633,9.255050659179688,8.93262767791748
07-06-2010,9.010943412780762,9.259259223937988,63761861,9.38131332397461,9.069865226745605,8.75389289855957
08-06-2010,8.80892276763916,9.057238578796387,68568509,9.141413688659668,9.128787994384766,8.810763359069824
09-06-2010,9.141413688659668,9.204545021057129,52923262,9.414982795715332,9.166666984558105,8.847321510314941
10-06-2010,9.238215446472168,9.238215446472168,40531471,9.41919231414795,9.377103805541992,9.050426483154297
11-06-2010,9.255050659179688,9.259259223937988,42902957,9.549662590026855,9.532828330993652,9.200727462768555
14-06-2010,9.32659912109375,9.595959663391113,31794682,9.646465301513672,9.34764289855957,9.021994590759277
15-06-2010,9.259259223937988,9.38552188873291,46399954,9.436026573181152,9.42340087890625,9.095110893249512
16-06-2010,9.263467788696289,9.38131332397461,40373705,9.436026573181152,9.313973426818848,8.989497184753418
17-06-2010,9.221380233764648,9.40656566619873,23284800,9.40656566619873,9.301346778869629,8.977309226989746
18-06-2010,9.271885871887207,9.32659912109375,32992186,9.42340087890625,9.32659912109375,9.00168228149414
21-06-2010,9.132996559143066,9.444443702697754,32942052,9.52441120147705,9.204545021057129,8.883881568908691
22-06-2010,9.061448097229004,9.267677307128906,24247555,9.301346778869629,9.074073791503906,8.757956504821777
23-06-2010,8.914140701293945,9.065656661987305,27539978,9.154040336608887,8.981480598449707,8.668587684631348
24-06-2010,8.67424201965332,8.92676830291748,38072074,8.994108200073242,8.779460906982422,8.473605155944824
25-06-2010,8.644781112670898,8.800504684448242,39524522,8.884679794311523,8.817339897155762,8.510165214538574
28-06-2010,8.598484992980957,8.783670425415039,42527786,8.82575798034668,8.716329574584961,8.412672996520996
29-06-2010,8.223905563354492,8.543770790100098,74630873,8.569024085998535,8.287036895751953,7.998337268829346
30-06-2010,8.232322692871094,8.270201683044434,49089110,8.480640411376953,8.25336742401123,7.965839385986328
01-07-2010,8.021885871887207,8.249157905578613,61793582,8.320707321166992,8.265993118286133,7.978025436401367
02-07-2010,8.101852416992188,8.316497802734375,38155946,8.316497802734375,8.106060981750488,7.823666095733643
06-07-2010,8.068181991577148,8.265993118286133,36013745,8.333333015441895,8.143939018249512,7.860224723815918
07-07-2010,8.063973426818848,8.110268592834473,39326126,8.350168228149414,8.337541580200195,8.047080993652344
08-07-2010,8.265993118286133,8.362794876098633,39107534,8.501684188842773,8.371212005615234,8.07957935333252
09-07-2010,8.303872108459473,8.392255783081055,37884845,8.547980308532715,8.539562225341797,8.2420654296875
12-07-2010,8.442761421203613,8.493266105651855,26193024,8.602693557739258,8.510101318359375,8.213629722595215
13-07-2010,8.606902122497559,8.606902122497559,38047363,8.893097877502441,8.8425931930542,8.534539222717285
14-07-2010,8.70791244506836,8.846800804138184,37201982,9.031987190246582,8.884679794311523,8.575159072875977
15-07-2010,8.703703880310059,8.939393997192383,36449266,8.943602561950684,8.8510103225708,8.542662620544434
16-07-2010,8.442761421203613,8.855218887329102,44357306,8.872054100036621,8.455387115478516,8.160820007324219
19-07-2010,8.468012809753418,8.489056587219238,22989701,8.644781112670898,8.585859298706055,8.286748886108398
20-07-2010,8.383837699890137,8.434343338012695,36816595,8.775253295898438,8.75,8.445172309875488
21-07-2010,8.430134773254395,8.716329574584961,56822278,8.817339897155762,8.489056587219238,8.193317413330078
22-07-2010,8.7457914352417,8.880471229553223,59539946,9.065656661987305,8.813131332397461,8.506102561950684
23-07-2010,8.619528770446777,8.76683521270752,30549658,8.884679794311523,8.876262664794922,8.567033767700195
26-07-2010,8.779460906982422,8.834175109863281,18448452,8.897306442260742,8.897306442260742,8.587347030639648
27-07-2010,8.79208755493164,8.960437774658203,21468586,8.968854904174805,8.855218887329102,8.546724319458008
28-07-2010,8.762625694274902,8.813131332397461,21418690,8.876262664794922,8.855218887329102,8.546724319458008
29-07-2010,8.6489896774292,8.846800804138184,28231632,8.922558784484863,8.741581916809082,8.437047004699707
30-07-2010,8.640571594238281,8.686868667602539,24362554,8.897306442260742,8.800504684448242,8.493917465209961
02-08-2010,8.914140701293945,8.956229209899902,24652663,9.082491874694824,9.031987190246582,8.717334747314453
03-08-2010,8.80471420288086,8.998315811157227,29407277,9.053030014038086,8.82575798034668,8.518289566040039
04-08-2010,8.800504684448242,8.8510103225708,29401812,8.930975914001465,8.880471229553223,8.571097373962402
05-08-2010,8.71212100982666,8.838383674621582,18679637,8.884679794311523,8.867844581604004,8.55890941619873
06-08-2010,8.716329574584961,8.73316478729248,28143720,9.036194801330566,9.027777671813965,8.713272094726562
09-08-2010,9.141413688659668,9.200337409973145,52958426,9.52441120147705,9.250842094421387,8.928565979003906
10-08-2010,9.103534698486328,9.242424011230469,29825215,9.301346778869629,9.221380233764648,8.900128364562988
11-08-2010,8.92676830291748,9.044612884521484,25042327,9.065656661987305,8.943602561950684,8.632030487060547
12-08-2010,8.977272987365723,9.006733894348145,38485735,9.200337409973145,9.086700439453125,8.7701416015625
13-08-2010,8.973064422607422,9.006733894348145,29855866,9.141413688659668,9.048822402954102,8.73358154296875
16-08-2010,9.006733894348145,9.031987190246582,62520401,9.469696998596191,9.280303001403809,8.956998825073242
17-08-2010,9.292928695678711,9.292928695678711,45830902,9.457071304321289,9.40656566619873,9.078863143920898
18-08-2010,9.318181991577148,9.41919231414795,40434530,9.621212005615234,9.570707321166992,9.237285614013672
19-08-2010,9.473905563354492,9.490740776062012,59910840,9.785353660583496,9.734848022460938,9.395709991455078
20-08-2010,9.650672912597656,9.659090995788574,48882636,9.869528770446777,9.835859298706055,9.493202209472656
23-08-2010,9.772727012634277,9.86111068725586,33699996,9.936868667602539,9.793770790100098,9.452579498291016
24-08-2010,9.587541580200195,9.688551902770996,37266847,9.802188873291016,9.625420570373535,9.290094375610352
25-08-2010,9.532828330993652,9.56229019165039,37959214,9.802188873291016,9.747474670410156,9.4078950881958
26-08-2010,9.56229019165039,9.785353660583496,53683582,9.873737335205078,9.566497802734375,9.233223915100098
27-08-2010,9.414982795715332,9.612794876098633,42847358,9.764309883117676,9.755891799926758,9.416019439697266
30-08-2010,9.726430892944336,9.764309883117676,33592363,9.894781112670898,9.734848022460938,9.395709991455078
31-08-2010,9.570707321166992,9.680134773254395,39890664,9.789562225341797,9.776935577392578,9.436330795288086
01-09-2010,9.772727012634277,9.772727012634277,51055250,10.117844581604004,10.113636016845703,9.761301040649414
02-09-2010,10.0,10.067339897155762,33678612,10.130471229553223,10.126262664794922,9.773487091064453
03-09-2010,10.079965591430664,10.206229209899902,40381070,10.303030014038086,10.155723571777344,9.801923751831055
07-09-2010,9.869528770446777,10.096800804138184,33294650,10.109428405761719,9.903199195861816,9.558195114135742
08-09-2010,10.063131332397461,10.105218887329102,55364364,10.345117568969727,10.340909004211426,9.980655670166016
09-09-2010,10.07575798034668,10.361952781677246,34534210,10.366162300109863,10.227272987365723,9.870979309082031
10-09-2010,10.084175109863281,10.239898681640625,25518953,10.332491874694824,10.143097877502441,9.7897367477417
13-09-2010,10.096800804138184,10.1010103225708,26283787,10.298822402954102,10.227272987365723,9.870979309082031
14-09-2010,10.117844581604004,10.168350219726562,35492213,10.265151977539062,10.206229209899902,9.850669860839844
15-09-2010,10.067339897155762,10.117844581604004,24061752,10.218854904174805,10.180975914001465,9.8262939453125
16-09-2010,9.953703880310059,10.193602561950684,28605852,10.227272987365723,10.05892276763916,9.708495140075684
17-09-2010,10.096800804138184,10.13888931274414,41243558,10.256733894348145,10.193602561950684,9.838481903076172
20-09-2010,10.193602561950684,10.214646339416504,23744318,10.404040336608887,10.374579429626465,10.013154029846191
21-09-2010,10.332491874694824,10.387205123901367,26198964,10.47558879852295,10.412458419799805,10.049713134765625
22-09-2010,9.840066909790039,10.05892276763916,62791978,10.294612884521484,10.244108200073242,9.887227058410645
23-09-2010,10.113636016845703,10.172558784484863,30051173,10.311448097229004,10.206229209899902,9.850669860839844
24-09-2010,10.193602561950684,10.311448097229004,29089368,10.446127891540527,10.412458419799805,10.049713134765625
27-09-2010,10.324073791503906,10.399831771850586,20401286,10.479798316955566,10.425084114074707,10.06190013885498
28-09-2010,10.227272987365723,10.446127891540527,25225279,10.517677307128906,10.467171669006348,10.102519989013672
29-09-2010,10.340909004211426,10.42087459564209,26303746,10.58080768585205,10.517677307128906,10.151267051696777
30-09-2010,10.206229209899902,10.55976390838623,36916625,10.589225769042969,10.269359588623047,9.911599159240723
01-10-2010,10.180975914001465,10.353534698486328,24751030,10.395623207092285,10.294612884521484,9.935972213745117
04-10-2010,10.071549415588379,10.290404319763184,20926620,10.303030014038086,10.134679794311523,9.781611442565918
05-10-2010,10.202019691467285,10.281987190246582,28749838,10.374579429626465,10.349327087402344,9.988780975341797
06-10-2010,10.206229209899902,10.378787994384766,28247789,10.429292678833008,10.290404319763184,9.931910514831543
07-10-2010,10.290404319763184,10.340909004211426,23731963,10.467171669006348,10.416666984558105,10.053775787353516
08-10-2010,10.231480598449707,10.43770980834961,16913081,10.43770980834961,10.357744216918945,9.996903419494629
11-10-2010,10.193602561950684,10.328283309936523,20996712,10.412458419799805,10.223064422607422,9.866918563842773
12-10-2010,10.134679794311523,10.214646339416504,28933027,10.349327087402344,10.290404319763184,9.931910514831543
13-10-2010,10.290404319763184,10.328283309936523,24066979,10.551346778869629,10.467171669006348,10.102519989013672
14-10-2010,10.521885871887207,10.530303001403809,31913957,10.803872108459473,10.639731407165527,10.269068717956543
15-10-2010,10.732322692871094,10.81229019165039,32847725,10.900672912597656,10.808080673217773,10.431551933288574
18-10-2010,10.707071304321289,10.879630088806152,19326622,10.942761421203613,10.824915885925293,10.44780158996582
19-10-2010,10.57659912109375,10.778619766235352,34246001,10.816497802734375,10.744949340820312,10.370620727539062
20-10-2010,10.728114128112793,10.749157905578613,40215463,10.900672912597656,10.799662590026855,10.423428535461426
21-10-2010,11.435185432434082,11.561448097229004,126645314,11.969696998596191,11.447811126708984,11.048995971679688
22-10-2010,11.447811126708984,11.473064422607422,45063454,11.82239055633545,11.813973426818848,11.4024019241333
25-10-2010,11.641413688659668,11.649831771850586,43493630,11.818181991577148,11.755050659179688,11.34553337097168
26-10-2010,11.599327087402344,11.611952781677246,63878047,12.302188873291016,12.100168228149414,11.678627967834473
27-10-2010,11.969696998596191,12.015993118286133,57782419,12.348484992980957,12.32323169708252,11.893918991088867
28-10-2010,12.218012809753418,12.365320205688477,45138060,12.53787899017334,12.508418083190918,12.072656631469727
29-10-2010,12.4074068069458,12.436868667602539,32614164,12.584175109863281,12.567339897155762,12.129523277282715
01-11-2010,12.297980308532715,12.3989896774292,33710450,12.596800804138184,12.356902122497559,11.92641830444336
02-11-2010,12.44107723236084,12.44107723236084,42129569,12.752525329589844,12.655723571777344,12.214828491210938
03-11-2010,12.491581916809082,12.609428405761719,37482113,12.693602561950684,12.672558784484863,12.23107624053955
04-11-2010,12.626262664794922,12.773569107055664,36147276,12.819865226745605,12.689393997192383,12.247325897216797
05-11-2010,12.685185432434082,12.702019691467285,39762360,13.017677307128906,12.992424011230469,12.539799690246582
08-11-2010,12.899831771850586,12.95875358581543,34295659,13.15235710144043,12.979798316955566,12.527612686157227
09-11-2010,12.731480598449707,12.95875358581543,32803294,12.979798316955566,12.849327087402344,12.401686668395996
10-11-2010,12.710437774658203,12.954545021057129,33810480,13.017677307128906,13.017677307128906,12.564172744750977
11-11-2010,12.714646339416504,12.811448097229004,25023794,13.013467788696289,12.95875358581543,12.507303237915039
12-11-2010,12.659933090209961,12.878787994384766,38395922,12.962963104248047,12.685185432434082,12.243264198303223
15-11-2010,12.563131332397461,12.697811126708984,33433884,12.811448097229004,12.651515007019043,12.21076774597168
16-11-2010,12.436868667602539,12.474746704101562,36288648,12.710437774658203,12.529460906982422,12.092964172363281
17-11-2010,12.382155418395996,12.487374305725098,35286689,12.697811126708984,12.685185432434082,12.243264198303223
18-11-2010,12.723064422607422,12.765151977539062,24936120,12.984006881713867,12.866162300109863,12.417935371398926
19-11-2010,12.655723571777344,12.857744216918945,28234958,12.861952781677246,12.752525329589844,12.308257102966309
22-11-2010,12.579965591430664,12.655723571777344,27745265,12.904040336608887,12.895623207092285,12.446371078491211
23-11-2010,12.47895622253418,12.727272987365723,28633414,12.777777671813965,12.702019691467285,12.25951099395752
24-11-2010,12.790404319763184,12.790404319763184,35960998,13.148147583007812,13.13552188873291,12.677912712097168
26-11-2010,13.017677307128906,13.047138214111328,13273286,13.249157905578613,13.110268592834473,12.65353775024414
29-11-2010,12.693602561950684,12.971380233764648,61131629,13.316497802734375,12.723064422607422,12.27982234954834
30-11-2010,12.117003440856934,12.44528579711914,50258578,12.48316478729248,12.264309883117676,11.83704948425293
01-12-2010,12.272727012634277,12.466329574584961,43632626,12.672558784484863,12.314814567565918,11.885795593261719
02-12-2010,12.314814567565918,12.369528770446777,26893231,12.655723571777344,12.588383674621582,12.149832725524902
03-12-2010,12.314814567565918,12.390571594238281,21190118,12.5,12.46212100982666,12.027968406677246
06-12-2010,12.377945899963379,12.4074068069458,20394871,12.550504684448242,12.411616325378418,11.979226112365723
07-12-2010,12.55471420288086,12.563131332397461,35430437,12.803030014038086,12.626262664794922,12.186392784118652
08-12-2010,12.470539093017578,12.672558784484863,25010251,12.723064422607422,12.689393997192383,12.247325897216797
09-12-2010,12.702019691467285,12.727272987365723,20779308,12.819865226745605,12.773569107055664,12.328568458557129
10-12-2010,12.765151977539062,12.836700439453125,23931785,12.967171669006348,12.916666984558105,12.466681480407715
13-12-2010,12.744108200073242,12.933502197265625,25545564,12.971380233764648,12.744108200073242,12.300131797790527
14-12-2010,12.735690116882324,12.786194801330566,23582275,12.967171669006348,12.941919326782227,12.49105453491211
15-12-2010,12.67676830291748,12.933502197265625,32932310,12.971380233764648,12.706229209899902,12.263575553894043
16-12-2010,12.605218887329102,12.756733894348145,23576335,12.849327087402344,12.849327087402344,12.401686668395996
17-12-2010,12.533670425415039,12.874579429626465,42961406,12.891413688659668,12.550504684448242,12.113275527954102
20-12-2010,12.411616325378418,12.563131332397461,25192015,12.579965591430664,12.449495315551758,12.01578426361084
21-12-2010,12.04124641418457,12.453703880310059,40707533,12.4957914352417,12.058080673217773,11.638007164001465
22-12-2010,12.015993118286133,12.112794876098633,25094124,12.201177597045898,12.02441120147705,11.605510711669922
23-12-2010,11.86447811126709,12.007575988769531,17316288,12.020201683044434,11.91919231414795,11.503954887390137
27-12-2010,11.78451156616211,11.860268592834473,12420302,11.978114128112793,11.914982795715332,11.499892234802246
28-12-2010,11.818181991577148,11.914982795715332,18811505,11.931818008422852,11.931818008422852,11.516141891479492
29-12-2010,11.839225769042969,11.94023609161377,10724551,11.994949340820312,11.936026573181152,11.520203590393066
30-12-2010,11.78451156616211,11.90235710144043,10352232,11.92340087890625,11.839225769042969,11.426775932312012
31-12-2010,11.654040336608887,11.80976390838623,16823743,11.83080768585205,11.712963104248047,11.304911613464355
03-01-2011,11.839225769042969,11.872896194458008,31258894,12.142255783081055,12.070707321166992,11.650193214416504
04-01-2011,11.973905563354492,12.154882431030273,28034662,12.344276428222656,11.982322692871094,11.564886093139648
05-01-2011,11.91919231414795,11.948653221130371,15881184,12.138047218322754,12.091751098632812,11.670503616333008
06-01-2011,11.910774230957031,12.125420570373535,17462174,12.159090995788574,11.961278915405273,11.544576644897461
07-01-2011,11.456229209899902,12.011784553527832,43036013,12.028619766235352,11.658248901367188,11.252102851867676
10-01-2011,11.565656661987305,11.632996559143066,27017258,11.914982795715332,11.893939018249512,11.479582786560059
11-01-2011,11.82239055633545,11.936026573181152,23371286,11.999157905578613,11.936026573181152,11.520203590393066
12-01-2011,11.910774230957031,11.986532211303711,24041318,12.133837699890137,12.133837699890137,11.711124420166016
13-01-2011,11.990740776062012,12.163299560546875,20709216,12.167508125305176,12.083333015441895,11.662378311157227
14-01-2011,11.957071304321289,12.070707321166992,19872864,12.289562225341797,12.281145095825195,11.853299140930176
18-01-2011,12.230640411376953,12.302188873291016,28438106,12.44107723236084,12.394781112670898,11.962977409362793
19-01-2011,12.150672912597656,12.403199195861816,55426140,12.533670425415039,12.247474670410156,11.820802688598633
20-01-2011,12.563131332397461,12.664140701293945,66196786,13.038721084594727,12.954545021057129,12.503239631652832
21-01-2011,12.596800804138184,12.941919326782227,35683481,13.005050659179688,12.634679794311523,12.194518089294434
24-01-2011,12.605218887329102,12.622054100036621,30378110,12.866162300109863,12.840909004211426,12.393562316894531
25-01-2011,12.651515007019043,12.731480598449707,35390045,13.017677307128906,13.009259223937988,12.556048393249512
26-01-2011,12.744108200073242,12.941919326782227,31096375,13.106060981750488,13.07239055633545,12.616979598999023
27-01-2011,12.857744216918945,13.047138214111328,19948421,13.127103805541992,13.030303001403809,12.576358795166016
28-01-2011,12.664140701293945,12.97558879852295,30318948,13.13131332397461,12.756733894348145,12.312318801879883
31-01-2011,12.4957914352417,12.739898681640625,24993857,12.836700439453125,12.777777671813965,12.332632064819336
01-02-2011,12.845117568969727,12.878787994384766,34407806,13.383837699890137,13.316497802734375,12.852582931518555
02-02-2011,13.202861785888672,13.257575988769531,30349836,13.518519401550293,13.417508125305176,12.950074195861816
03-02-2011,13.371212005615234,13.375420570373535,29030681,13.644781112670898,13.489056587219238,13.019128799438477
04-02-2011,13.244949340820312,13.417508125305176,24932794,13.581649780273438,13.556397438049316,13.084125518798828
07-02-2011,13.505891799926758,13.526935577392578,28025870,13.720539093017578,13.569024085998535,13.096311569213867
08-02-2011,13.564814567565918,13.590066909790039,17393508,13.783670425415039,13.737374305725098,13.258796691894531
09-02-2011,13.392255783081055,13.632155418395996,29462875,13.686868667602539,13.446969985961914,12.978508949279785
10-02-2011,13.358586311340332,13.367003440856934,68854342,14.638047218322754,14.515993118286133,14.01029109954834
11-02-2011,14.288721084594727,14.38552188873291,34772760,14.617003440856934,14.52441120147705,14.018413543701172
14-02-2011,14.162458419799805,14.515993118286133,24969384,14.528619766235352,14.250842094421387,13.754377365112305
15-02-2011,14.179292678833008,14.179292678833008,24043694,14.532828330993652,14.50336742401123,13.9981050491333
16-02-2011,14.398147583007812,14.520201683044434,18053561,14.617003440856934,14.50336742401123,13.9981050491333
17-02-2011,14.478114128112793,14.486532211303711,25402291,14.877945899963379,14.600168228149414,14.091532707214355
18-02-2011,14.478114128112793,14.57912540435791,21685752,14.633837699890137,14.532828330993652,14.026538848876953
22-02-2011,14.107744216918945,14.36447811126709,20408414,14.528619766235352,14.162458419799805,13.669074058532715
23-02-2011,13.813131332397461,14.212963104248047,29108376,14.297138214111328,13.82575798034668,13.34410285949707
24-02-2011,13.678450584411621,13.80471420288086,22514738,13.973064422607422,13.92676830291748,13.441594123840332
25-02-2011,13.947811126708984,13.968854904174805,24698282,14.212963104248047,14.154040336608887,13.660947799682617
28-02-2011,14.040404319763184,14.183502197265625,19145808,14.305556297302246,14.103534698486328,13.612200736999512
01-03-2011,13.531145095825195,14.196127891540527,30541342,14.196127891540527,13.590066909790039,13.116621017456055
02-03-2011,13.425926208496094,13.547980308532715,20941114,13.8425931930542,13.7542085647583,13.275044441223145
03-03-2011,13.636363983154297,13.640571594238281,19902089,14.132996559143066,13.859428405761719,13.376599311828613
04-03-2011,13.383837699890137,13.7457914352417,26730475,13.80471420288086,13.472222328186035,13.00288200378418
07-03-2011,13.11868667602539,13.522727012634277,27216605,13.665824890136719,13.257575988769531,12.795713424682617
08-03-2011,13.211278915405273,13.257575988769531,26293291,13.442761421203613,13.32912540435791,12.86476993560791
09-03-2011,12.895623207092285,13.257575988769531,27083549,13.270201683044434,13.186026573181152,12.726656913757324
10-03-2011,12.916666984558105,13.068181991577148,28089547,13.375420570373535,13.08080768585205,12.625102996826172
11-03-2011,12.899831771850586,13.005050659179688,19630037,13.17340087890625,13.013467788696289,12.560110092163086
14-03-2011,12.67676830291748,12.93770980834961,22379782,12.962963104248047,12.950337409973145,12.499177932739258
15-03-2011,12.512625694274902,12.588383674621582,27780192,13.009259223937988,12.811448097229004,12.365127563476562
16-03-2011,12.46212100982666,12.777777671813965,34602876,12.979798316955566,12.512625694274902,12.076715469360352
17-03-2011,12.53787899017334,12.710437774658203,21786732,12.99663257598877,12.605218887329102,12.166083335876465
18-03-2011,12.727272987365723,12.760943412780762,29519424,13.07239055633545,12.824073791503906,12.377312660217285
21-03-2011,12.811448097229004,13.030303001403809,15339694,13.16919231414795,12.870369911193848,12.421996116638184
22-03-2011,12.617844581604004,12.840909004211426,24534814,12.849327087402344,12.718854904174805,12.275760650634766
23-03-2011,12.613636016845703,12.718854904174805,14780621,12.95875358581543,12.908248901367188,12.458556175231934
24-03-2011,12.92087459564209,13.026094436645508,21461695,13.367003440856934,13.367003440856934,12.901329040527344
25-03-2011,13.337541580200195,13.425926208496094,18922702,13.627945899963379,13.341751098632812,12.876955032348633
28-03-2011,12.748315811157227,13.392255783081055,56859581,13.392255783081055,12.769359588623047,12.324504852294922
29-03-2011,12.748315811157227,12.748315811157227,24536477,13.110268592834473,13.08080768585205,12.625102996826172
30-03-2011,13.089225769042969,13.17340087890625,23129410,13.413299560546875,13.31229019165039,12.848523139953613
31-03-2011,13.051346778869629,13.303872108459473,25469294,13.341751098632812,13.063973426818848,12.608855247497559
01-04-2011,12.92087459564209,13.232322692871094,21220056,13.350168228149414,13.198653221130371,12.738845825195312
04-04-2011,12.992424011230469,13.198653221130371,16849166,13.316497802734375,13.211278915405273,12.751029968261719
05-04-2011,13.17340087890625,13.207071304321289,30537065,13.82575798034668,13.400672912597656,12.933825492858887
06-04-2011,13.31229019165039,13.522727012634277,16991489,13.724746704101562,13.404882431030273,12.937888145446777
07-04-2011,13.110268592834473,13.354376792907715,23063832,13.438551902770996,13.270201683044434,12.807899475097656
08-04-2011,13.005050659179688,13.299662590026855,13410619,13.417508125305176,13.106060981750488,12.649477005004883
11-04-2011,13.013467788696289,13.148147583007812,13919558,13.32912540435791,13.127103805541992,12.66978645324707
12-04-2011,12.882996559143066,12.979798316955566,17424396,13.198653221130371,12.92087459564209,12.470742225646973
13-04-2011,12.798822402954102,13.005050659179688,17935474,13.055556297302246,12.908248901367188,12.458556175231934
14-04-2011,12.706229209899902,12.882996559143066,18985666,13.021885871887207,12.984006881713867,12.5316743850708
15-04-2011,12.925084114074707,12.984006881713867,28271786,13.354376792907715,13.303872108459473,12.840396881103516
18-04-2011,12.811448097229004,13.13131332397461,20319314,13.160774230957031,13.110268592834473,12.65353775024414
19-04-2011,12.946127891540527,13.09764289855957,14595530,13.13552188873291,13.110268592834473,12.65353775024414
20-04-2011,13.211278915405273,13.299662590026855,16564997,13.564814567565918,13.367003440856934,12.901329040527344
21-04-2011,13.31229019165039,13.388047218322754,19924186,13.468012809753418,13.446969985961914,12.978508949279785
25-04-2011,13.57323169708252,13.653199195861816,22101077,13.872054100036621,13.872054100036621,13.388785362243652
26-04-2011,13.80892276763916,14.002525329589844,24235200,14.061448097229004,13.922558784484863,13.437530517578125
27-04-2011,13.922558784484863,13.989898681640625,40305989,14.410774230957031,14.32239055633545,13.823433876037598
28-04-2011,13.973064422607422,14.532828330993652,44906400,14.583333015441895,14.30976390838623,13.811245918273926
29-04-2011,14.305556297302246,14.360268592834473,29273746,14.515993118286133,14.473905563354492,13.969669342041016
02-05-2011,14.137205123901367,14.18770980834961,22699829,14.469696998596191,14.158248901367188,13.665008544921875
03-05-2011,14.002525329589844,14.120369911193848,13769395,14.297138214111328,14.116162300109863,13.624387741088867
04-05-2011,13.7457914352417,14.036194801330566,21584059,14.082491874694824,13.893097877502441,13.40909481048584
05-05-2011,13.661616325378418,13.762625694274902,18519257,14.027777671813965,13.7542085647583,13.275044441223145
06-05-2011,13.543770790100098,13.88888931274414,26114141,14.057238578796387,13.77104377746582,13.291293144226074
09-05-2011,13.623737335205078,13.71212100982666,18237226,14.023569107055664,13.939393997192383,13.453779220581055
10-05-2011,14.149831771850586,14.30976390838623,34595986,14.469696998596191,14.280303001403809,13.78281021118164
11-05-2011,13.947811126708984,14.145623207092285,24948000,14.30976390838623,14.019359588623047,13.530957221984863
12-05-2011,13.872054100036621,13.998315811157227,19720800,14.204545021057129,14.132996559143066,13.640636444091797
13-05-2011,14.002525329589844,14.099327087402344,15441624,14.280303001403809,14.128787994384766,13.636575698852539
16-05-2011,13.594276428222656,14.027777671813965,17406576,14.057238578796387,13.623737335205078,13.149117469787598
17-05-2011,13.493266105651855,13.606902122497559,15842455,13.75,13.741581916809082,13.262861251831055
18-05-2011,13.547980308532715,13.70791244506836,13767970,13.859428405761719,13.838383674621582,13.356287002563477
19-05-2011,13.78787899017334,13.939393997192383,11340173,13.973064422607422,13.846800804138184,13.364412307739258
20-05-2011,13.661616325378418,13.800504684448242,16473046,13.838383674621582,13.670034408569336,13.193801879882812
23-05-2011,13.257575988769531,13.468012809753418,21384000,13.468012809753418,13.31229019165039,12.848523139953613
24-05-2011,12.967171669006348,13.358586311340332,32037746,13.451177597045898,12.971380233764648,12.519488334655762
25-05-2011,12.765151977539062,12.992424011230469,39816295,13.005050659179688,12.92087459564209,12.470742225646973
26-05-2011,12.781987190246582,12.870369911193848,28145146,12.992424011230469,12.904040336608887,12.454495429992676
27-05-2011,12.836700439453125,12.908248901367188,16574501,12.950337409973145,12.912458419799805,12.462618827819824
31-05-2011,13.026094436645508,13.11447811126709,22324421,13.219696998596191,13.11868667602539,12.661664009094238
01-06-2011,12.882996559143066,13.09764289855957,24648862,13.13552188873291,12.895623207092285,12.446371078491211
02-06-2011,12.840909004211426,12.840909004211426,37590934,13.194443702697754,13.164982795715332,12.706345558166504
03-06-2011,12.744108200073242,12.95875358581543,29185596,13.07659912109375,12.752525329589844,12.308257102966309
06-06-2011,12.411616325378418,12.718854904174805,29411316,12.828283309936523,12.44107723236084,12.007659912109375
07-06-2011,12.4074068069458,12.53787899017334,27101606,12.769359588623047,12.5925931930542,12.153897285461426
08-06-2011,12.773569107055664,12.857744216918945,53898372,13.000842094421387,12.866162300109863,12.417935371398926
09-06-2011,12.815656661987305,12.878787994384766,30451766,13.026094436645508,12.904040336608887,12.454495429992676
10-06-2011,12.596800804138184,12.832491874694824,31879742,12.962963104248047,12.609428405761719,12.170145988464355
13-06-2011,12.3989896774292,12.647306442260742,26931960,12.710437774658203,12.567339897155762,12.129523277282715
14-06-2011,12.487374305725098,12.668350219726562,26525426,12.739898681640625,12.525253295898438,12.088903427124023
15-06-2011,12.015993118286133,12.4074068069458,42323688,12.487374305725098,12.06229019165039,11.642067909240723
16-06-2011,11.893939018249512,12.049662590026855,31653785,12.251684188842773,11.982322692871094,11.564886093139648
17-06-2011,11.969696998596191,12.129630088806152,38420158,12.167508125305176,12.133837699890137,11.711124420166016
20-06-2011,12.020201683044434,12.066497802734375,28768608,12.192761421203613,12.129630088806152,11.707063674926758
21-06-2011,12.108586311340332,12.159090995788574,29395872,12.57575798034668,12.533670425415039,12.097026824951172
22-06-2011,12.331649780273438,12.466329574584961,24642209,12.487374305725098,12.352693557739258,11.922355651855469
23-06-2011,12.108586311340332,12.218012809753418,40162241,12.352693557739258,12.310606002807617,11.881735801696777
24-06-2011,11.851852416992188,12.331649780273438,54355039,12.44107723236084,11.931818008422852,11.516141891479492
27-06-2011,11.88552188873291,11.889731407165527,33331241,12.243266105651855,12.083333015441895,11.662378311157227
28-06-2011,12.06229019165039,12.117003440856934,38628295,12.377945899963379,12.188551902770996,11.763932228088379
29-06-2011,12.011784553527832,12.272727012634277,81007819,13.09343433380127,12.988215446472168,12.535737991333008
30-06-2011,13.337541580200195,13.606902122497559,75874709,13.813131332397461,13.581649780273438,13.108497619628906
01-07-2011,13.463805198669434,13.577441215515137,30799138,13.80471420288086,13.779460906982422,13.299417495727539
05-07-2011,13.623737335205078,13.783670425415039,21920501,13.838383674621582,13.737374305725098,13.258796691894531
06-07-2011,13.615320205688477,13.737374305725098,23466564,13.930975914001465,13.855218887329102,13.372536659240723
07-07-2011,13.905723571777344,13.930975914001465,26466739,14.141413688659668,14.027777671813965,13.539083480834961
08-07-2011,13.821549415588379,13.872054100036621,19914206,14.069865226745605,14.065656661987305,13.575644493103027
11-07-2011,13.77104377746582,13.930975914001465,37079381,14.339225769042969,13.8510103225708,13.368474006652832
12-07-2011,13.522727012634277,13.994108200073242,33327677,14.095117568969727,13.577441215515137,13.104435920715332
13-07-2011,13.489056587219238,13.640571594238281,27751918,13.80471420288086,13.627945899963379,13.153179168701172
14-07-2011,13.434343338012695,13.602693557739258,25996054,13.80471420288086,13.547980308532715,13.07600212097168
15-07-2011,13.606902122497559,13.686868667602539,37987963,13.901515007019043,13.80892276763916,13.327853202819824
18-07-2011,13.615320205688477,13.80892276763916,24605856,13.989898681640625,13.762625694274902,13.283169746398926
19-07-2011,13.78787899017334,13.922558784484863,43038864,14.335017204284668,14.20875358581543,13.713754653930664
20-07-2011,13.876262664794922,14.30976390838623,54494035,14.38552188873291,13.960437774658203,13.474090576171875
21-07-2011,14.031987190246582,14.20875358581543,63119628,14.726430892944336,14.074073791503906,13.583765983581543
22-07-2011,13.939393997192383,14.095117568969727,23491750,14.162458419799805,14.099327087402344,13.608139991760254
25-07-2011,13.82575798034668,13.867844581604004,24703747,14.305556297302246,14.22558879852295,13.730003356933594
26-07-2011,14.238215446472168,14.28451156616211,29158272,14.515993118286133,14.486532211303711,13.981856346130371
27-07-2011,14.019359588623047,14.38131332397461,28122336,14.389731407165527,14.040404319763184,13.551270484924316
28-07-2011,13.914140701293945,13.985690116882324,17935474,14.217171669006348,14.036194801330566,13.547207832336426
29-07-2011,13.76683521270752,13.939393997192383,25270423,14.090909004211426,13.783670425415039,13.303482055664062
01-08-2011,13.598484992980957,13.939393997192383,28607278,14.040404319763184,13.897306442260742,13.413156509399414
02-08-2011,13.354376792907715,13.783670425415039,35511221,13.8510103225708,13.362794876098633,12.89726734161377
03-08-2011,12.988215446472168,13.371212005615234,41387782,13.703703880310059,13.57323169708252,13.100372314453125
04-08-2011,12.63888931274414,13.324915885925293,57978914,13.383837699890137,12.643097877502441,12.202640533447266
05-08-2011,12.00336742401123,12.781987190246582,60790910,12.807238578796387,12.331649780273438,11.902045249938965
08-08-2011,11.338383674621582,11.92760944366455,53084592,12.100168228149414,11.3425931930542,10.947444915771484
09-08-2011,11.477272987365723,11.502525329589844,75020299,12.697811126708984,12.693602561950684,12.251386642456055
10-08-2011,12.117003440856934,12.36111068725586,53580463,12.781987190246582,12.268519401550293,11.841114044189453
11-08-2011,12.213805198669434,12.306397438049316,36111398,12.870369911193848,12.710437774658203,12.267637252807617
12-08-2011,12.571549415588379,12.773569107055664,29048738,12.912458419799805,12.849327087402344,12.401686668395996
15-08-2011,12.731480598449707,12.895623207092285,18171886,13.026094436645508,13.000842094421387,12.547924041748047
16-08-2011,12.571549415588379,12.861952781677246,20895257,12.971380233764648,12.777777671813965,12.332632064819336
17-08-2011,12.53787899017334,12.819865226745605,20909513,13.042928695678711,12.731480598449707,12.287946701049805
18-08-2011,11.611952781677246,12.352693557739258,39545194,12.512625694274902,11.759259223937988,11.349594116210938
19-08-2011,11.30471420288086,11.561448097229004,39867617,12.011784553527832,11.430975914001465,11.03274917602539
22-08-2011,11.414140701293945,11.691919326782227,24042269,11.780303001403809,11.515151977539062,11.113992691040039
23-08-2011,11.435185432434082,11.586700439453125,26661096,12.184343338012695,12.171716690063477,11.747684478759766
24-08-2011,12.02441120147705,12.171716690063477,24116400,12.487374305725098,12.226430892944336,11.800491333007812
25-08-2011,11.88552188873291,12.255891799926758,26084441,12.4074068069458,11.92340087890625,11.508017539978027
26-08-2011,11.641413688659668,11.889731407165527,29777458,12.403199195861816,12.3989896774292,11.96703815460205
29-08-2011,12.512625694274902,12.512625694274902,27525485,12.92087459564209,12.832491874694824,12.3854398727417
30-08-2011,12.647306442260742,12.748315811157227,28867212,13.127103805541992,13.026094436645508,12.572297096252441
31-08-2011,12.803030014038086,13.047138214111328,30801989,13.295454978942871,12.992424011230469,12.539799690246582
01-09-2011,12.731480598449707,12.950337409973145,23232528,13.11447811126709,12.790404319763184,12.344817161560059
02-09-2011,12.272727012634277,12.567339897155762,18950738,12.63888931274414,12.377945899963379,11.946727752685547
06-09-2011,11.957071304321289,11.999157905578613,23335409,12.36111068725586,12.319024085998535,11.88985824584961
07-09-2011,12.335859298706055,12.5,32637924,12.563131332397461,12.52104377746582,12.08484172821045
08-09-2011,12.432660102844238,12.47895622253418,32993374,12.899831771850586,12.840909004211426,12.393562316894531
09-09-2011,11.90235710144043,12.672558784484863,47190924,12.67676830291748,11.978114128112793,11.560824394226074
12-09-2011,11.952861785888672,11.969696998596191,39424968,12.428450584411621,12.382155418395996,11.950791358947754
13-09-2011,12.251684188842773,12.382155418395996,22210135,12.487374305725098,12.373737335205078,11.942666053771973
14-09-2011,12.230640411376953,12.436868667602539,33182266,12.92087459564209,12.685185432434082,12.243264198303223
15-09-2011,12.99663257598877,13.042928695678711,40206434,13.569024085998535,13.484848022460938,13.015068054199219
16-09-2011,13.619528770446777,13.76683521270752,65145406,14.267677307128906,14.179292678833008,13.685319900512695
19-09-2011,13.69528579711914,13.973064422607422,44173642,14.078283309936523,13.930975914001465,13.445653915405273
20-09-2011,13.619528770446777,13.968854904174805,32569733,14.082491874694824,13.775253295898438,13.295356750488281
21-09-2011,13.531145095825195,13.79208755493164,43054546,14.212963104248047,13.569024085998535,13.096311569213867
22-09-2011,12.954545021057129,13.07239055633545,46431792,13.425926208496094,13.32912540435791,12.86476993560791
23-09-2011,13.148147583007812,13.228114128112793,37274926,13.615320205688477,13.501684188842773,13.031316757202148
26-09-2011,13.15235710144043,13.602693557739258,34643268,13.724746704101562,13.699495315551758,13.222237586975098
27-09-2011,13.501684188842773,13.914140701293945,33944962,14.010943412780762,13.686868667602539,13.210050582885742
28-09-2011,13.265993118286133,13.779460906982422,29962073,13.947811126708984,13.316497802734375,12.852582931518555
29-09-2011,12.588383674621582,13.585859298706055,40097614,13.632155418395996,12.908248901367188,12.458556175231934
30-09-2011,12.264309883117676,12.710437774658203,41470229,12.861952781677246,12.411616325378418,11.979226112365723
03-10-2011,11.813973426818848,12.281145095825195,40270586,12.394781112670898,11.83080768585205,11.418649673461914
04-10-2011,11.536194801330566,11.679292678833008,41097910,12.356902122497559,12.352693557739258,11.922355651855469
05-10-2011,12.150672912597656,12.4074068069458,36855324,12.946127891540527,12.849327087402344,12.401686668395996
06-10-2011,12.655723571777344,12.870369911193848,34597411,13.240740776062012,13.232322692871094,12.771339416503906
07-10-2011,12.941919326782227,13.16919231414795,31854557,13.265993118286133,13.07659912109375,12.621041297912598
10-10-2011,13.219696998596191,13.337541580200195,17035445,13.6489896774292,13.594276428222656,13.120683670043945
11-10-2011,13.459595680236816,13.468012809753418,24420053,13.914140701293945,13.817339897155762,13.335977554321289
12-10-2011,13.76683521270752,13.994108200073242,33205788,14.166666984558105,13.783670425415039,13.303482055664062
13-10-2011,13.455387115478516,13.70791244506836,28616544,13.834175109863281,13.779460906982422,13.299417495727539
14-10-2011,13.981480598449707,13.998315811157227,30803177,14.259259223937988,14.179292678833008,13.685319900512695
17-10-2011,13.905723571777344,14.132996559143066,26487886,14.137205123901367,13.981480598449707,13.494400978088379
18-10-2011,13.670034408569336,14.044612884521484,29880814,14.372896194458008,14.255050659179688,13.758438110351562
19-10-2011,13.8425931930542,14.24663257598877,45151603,14.490740776062012,13.964646339416504,13.47815227508545
20-10-2011,12.899831771850586,13.396465301513672,61238549,13.653199195861816,13.531145095825195,13.059751510620117
21-10-2011,13.413299560546875,13.686868667602539,30860201,13.70791244506836,13.518519401550293,13.047565460205078
24-10-2011,13.316497802734375,13.459595680236816,25372829,13.724746704101562,13.623737335205078,13.149117469787598
25-10-2011,13.303872108459473,13.606902122497559,24712538,13.77104377746582,13.32912540435791,12.86476993560791
26-10-2011,12.904040336608887,13.442761421203613,30035016,13.577441215515137,13.08080768585205,12.625102996826172
27-10-2011,13.379630088806152,13.472222328186035,30768962,13.703703880310059,13.590066909790039,13.116621017456055
28-10-2011,13.468012809753418,13.484848022460938,28338077,14.015151977539062,13.994108200073242,13.506587982177734
31-10-2011,13.375420570373535,13.78787899017334,30198960,13.79208755493164,13.396465301513672,12.929765701293945
01-11-2011,12.92087459564209,12.954545021057129,37817604,13.295454978942871,13.000842094421387,12.547924041748047
02-11-2011,13.15656566619873,13.164982795715332,28238285,13.442761421203613,13.375420570373535,12.909453392028809
03-11-2011,13.442761421203613,13.480640411376953,28224029,13.930975914001465,13.909933090209961,13.425346374511719
04-11-2011,13.543770790100098,13.75,22653259,13.829965591430664,13.76683521270752,13.287232398986816
07-11-2011,13.400672912597656,13.716329574584961,16550741,13.720539093017578,13.665824890136719,13.189738273620605
08-11-2011,13.526935577392578,13.75,15510290,13.884679794311523,13.855218887329102,13.372536659240723
09-11-2011,13.09764289855957,13.543770790100098,22491216,13.543770790100098,13.122896194458008,12.665724754333496
10-11-2011,12.828283309936523,13.25336742401123,44684006,13.278619766235352,12.941919326782227,12.49105453491211
11-11-2011,13.05976390838623,13.089225769042969,17874648,13.451177597045898,13.367003440856934,12.901329040527344
14-11-2011,13.15235710144043,13.32912540435791,13317005,13.375420570373535,13.219696998596191,12.7591552734375
15-11-2011,12.97558879852295,13.127103805541992,19938679,13.333333015441895,13.236532211303711,12.775403022766113
16-11-2011,12.807238578796387,13.101852416992188,18453204,13.13552188873291,12.853534698486328,12.405747413635254
17-11-2011,12.243266105651855,12.803030014038086,29821651,12.845117568969727,12.47895622253418,12.044219017028809
18-11-2011,12.491581916809082,12.57575798034668,29241194,12.773569107055664,12.546296119689941,12.109210968017578
21-11-2011,11.96548843383789,12.344276428222656,31871664,12.365320205688477,12.100168228149414,11.678627967834473
22-11-2011,11.994949340820312,12.070707321166992,21106721,12.302188873291016,12.222222328186035,11.796428680419922
23-11-2011,11.994949340820312,12.129630088806152,25604964,12.403199195861816,12.015993118286133,11.597384452819824
25-11-2011,11.84764289855957,12.011784553527832,8259214,12.154882431030273,11.88131332397461,11.467395782470703
28-11-2011,12.251684188842773,12.331649780273438,22601938,12.55892276763916,12.48316478729248,12.048279762268066
29-11-2011,11.994949340820312,12.508418083190918,31937004,12.508418083190918,12.100168228149414,11.678627967834473
30-11-2011,12.335859298706055,12.487374305725098,28644106,12.571549415588379,12.453703880310059,12.019848823547363
01-12-2011,12.377945899963379,12.428450584411621,19756915,12.643097877502441,12.491581916809082,12.056406021118164
02-12-2011,12.449495315551758,12.617844581604004,22117709,12.748315811157227,12.45791244506836,12.023908615112305
05-12-2011,12.836700439453125,12.93770980834961,23860030,13.021885871887207,12.92087459564209,12.470742225646973
06-12-2011,12.92087459564209,12.95875358581543,21542004,13.127103805541992,13.005050659179688,12.551985740661621
07-12-2011,12.794612884521484,12.933502197265625,20853677,13.110268592834473,13.021885871887207,12.568235397338867
08-12-2011,12.874579429626465,12.887205123901367,40049381,13.236532211303711,13.05976390838623,12.604792594909668
09-12-2011,13.08080768585205,13.08080768585205,29707841,13.371212005615234,13.316497802734375,12.852582931518555
12-12-2011,12.99663257598877,13.15656566619873,24804490,13.21548843383789,13.101852416992188,12.645416259765625
13-12-2011,12.882996559143066,13.164982795715332,23789225,13.345959663391113,12.979798316955566,12.527612686157227
14-12-2011,12.605218887329102,13.101852416992188,24553346,13.122896194458008,12.739898681640625,12.296070098876953
15-12-2011,12.239056587219238,12.840909004211426,28422662,12.874579429626465,12.45791244506836,12.023908615112305
16-12-2011,12.512625694274902,12.54208755493164,39352262,12.988215446472168,12.794612884521484,12.34887981414795
19-12-2011,12.474746704101562,12.878787994384766,27107071,12.967171669006348,12.529460906982422,12.092964172363281
20-12-2011,12.651515007019043,12.773569107055664,21269002,12.904040336608887,12.891413688659668,12.44230842590332
21-12-2011,12.5042085647583,12.840909004211426,19208297,13.005050659179688,12.769359588623047,12.324504852294922
22-12-2011,12.697811126708984,12.752525329589844,15128230,12.946127891540527,12.882996559143066,12.434185028076172
23-12-2011,12.815656661987305,12.962963104248047,8047512,13.000842094421387,12.979798316955566,12.527612686157227
27-12-2011,12.853534698486328,12.967171669006348,8119030,13.063973426818848,13.013467788696289,12.560110092163086
28-12-2011,12.756733894348145,12.962963104248047,9680537,13.038721084594727,12.798822402954102,12.352941513061523
29-12-2011,12.588383674621582,12.781987190246582,13083682,12.815656661987305,12.777777671813965,12.332632064819336
30-12-2011,12.689393997192383,12.739898681640625,8769103,12.845117568969727,12.765151977539062,12.320444107055664
03-01-2012,12.946127891540527,12.97558879852295,25156850,13.257575988769531,13.19023609161377,12.730719566345215
04-01-2012,12.436868667602539,12.874579429626465,78181092,12.878787994384766,12.693602561950684,12.251386642456055
05-01-2012,12.617844581604004,12.710437774658203,31470358,12.941919326782227,12.925084114074707,12.47480583190918
06-01-2012,12.866162300109863,12.912458419799805,17417506,13.017677307128906,12.891413688659668,12.44230842590332
09-01-2012,12.702019691467285,13.051346778869629,18989230,13.08080768585205,12.840909004211426,12.393562316894531
10-01-2012,12.95875358581543,13.030303001403809,22115808,13.194443702697754,13.13131332397461,12.673849105834961
11-01-2012,13.186026573181152,13.194443702697754,22324421,13.425926208496094,13.265993118286133,12.803837776184082
12-01-2012,13.19023609161377,13.362794876098633,20653855,13.468012809753418,13.29124641418457,12.828210830688477
13-01-2012,12.861952781677246,13.236532211303711,29121444,13.282828330993652,12.887205123901367,12.438246726989746
17-01-2012,12.748315811157227,13.110268592834473,34327973,13.15235710144043,12.849327087402344,12.401686668395996
18-01-2012,12.579965591430664,12.672558784484863,74910528,12.803030014038086,12.769359588623047,12.324504852294922
19-01-2012,13.051346778869629,13.16919231414795,58984438,13.442761421203613,13.261784553527832,12.799776077270508
20-01-2012,13.194443702697754,13.257575988769531,31011790,13.446969985961914,13.438551902770996,12.970385551452637
23-01-2012,13.354376792907715,13.358586311340332,28466143,13.6574068069458,13.463805198669434,12.994757652282715
24-01-2012,13.354376792907715,13.354376792907715,17023090,13.569024085998535,13.446969985961914,12.978508949279785
25-01-2012,13.270201683044434,13.367003440856934,18704822,13.497474670410156,13.442761421203613,12.974448204040527
26-01-2012,13.236532211303711,13.497474670410156,15765473,13.590066909790039,13.345959663391113,12.881017684936523
27-01-2012,13.236532211303711,13.320707321166992,17279460,13.484848022460938,13.404882431030273,12.937888145446777
30-01-2012,13.236532211303711,13.278619766235352,19482250,13.379630088806152,13.29124641418457,12.828210830688477
31-01-2012,13.186026573181152,13.362794876098633,17936662,13.434343338012695,13.299662590026855,12.836334228515625
01-02-2012,13.362794876098633,13.425926208496094,27540691,13.678450584411621,13.552188873291016,13.080062866210938
02-02-2012,13.493266105651855,13.552188873291016,26349127,13.800504684448242,13.762625694274902,13.283169746398926
03-02-2012,13.821549415588379,13.88888931274414,21515630,14.002525329589844,13.867844581604004,13.384722709655762
06-02-2012,13.632155418395996,13.762625694274902,20895019,13.783670425415039,13.737374305725098,13.258796691894531
07-02-2012,13.644781112670898,13.7542085647583,16424100,13.880471229553223,13.834175109863281,13.352224349975586
08-02-2012,13.775253295898438,13.846800804138184,23426885,14.048822402954102,13.909933090209961,13.425346374511719
09-02-2012,13.724746704101562,13.935185432434082,18888725,14.010943412780762,13.998315811157227,13.510647773742676
10-02-2012,13.73316478729248,13.8425931930542,17369273,14.010943412780762,13.901515007019043,13.417220115661621
13-02-2012,13.88888931274414,14.010943412780762,12747002,14.095117568969727,13.956229209899902,13.470027923583984
14-02-2012,13.77104377746582,13.88888931274414,15516230,13.985690116882324,13.872054100036621,13.388785362243652
15-02-2012,13.838383674621582,13.956229209899902,32283187,14.24663257598877,14.019359588623047,13.530957221984863
16-02-2012,14.027777671813965,14.031987190246582,33739438,14.558080673217773,14.52441120147705,14.018413543701172
17-02-2012,14.410774230957031,14.511784553527832,38596219,14.819024085998535,14.755891799926758,14.24183177947998
21-02-2012,14.696969985961914,14.755891799926758,22501195,14.869528770446777,14.789562225341797,14.274330139160156
22-02-2012,14.478114128112793,14.730640411376953,18213941,14.747474670410156,14.591751098632812,14.083410263061523
23-02-2012,14.604376792907715,14.625420570373535,44479670,15.214646339416504,15.159933090209961,14.631797790527344
24-02-2012,15.07575798034668,15.147306442260742,22231519,15.370369911193848,15.303030014038086,14.769908905029297
27-02-2012,15.164140701293945,15.218854904174805,23131548,15.488215446472168,15.387205123901367,14.851152420043945
28-02-2012,15.298822402954102,15.416666984558105,21855161,15.462963104248047,15.412458419799805,14.87552547454834
29-02-2012,15.0,15.408248901367188,32674039,15.433502197265625,15.04208755493164,14.51805591583252
01-03-2012,15.07575798034668,15.096800804138184,20357093,15.361952781677246,15.307238578796387,14.773969650268555
02-03-2012,15.07575798034668,15.290404319763184,28456402,15.303030014038086,15.256733894348145,14.725226402282715
05-03-2012,14.915824890136719,14.974746704101562,28267985,15.130471229553223,15.033670425415039,14.509933471679688
06-03-2012,14.659090995788574,14.869528770446777,24333804,14.97895622253418,14.776935577392578,14.262141227722168
07-03-2012,14.827441215515137,14.827441215515137,23319727,15.151515007019043,14.97895622253418,14.457124710083008
08-03-2012,14.95791244506836,15.088383674621582,16544326,15.151515007019043,15.05892276763916,14.53430461883545
09-03-2012,15.05892276763916,15.079965591430664,19610554,15.328283309936523,15.256733894348145,14.725226402282715
12-03-2012,15.04208755493164,15.303030014038086,11539757,15.324073791503906,15.227272987365723,14.696791648864746
13-03-2012,15.079965591430664,15.273569107055664,34765632,15.71548843383789,15.711278915405273,15.163936614990234
14-03-2012,15.59764289855957,15.698653221130371,29677428,15.875420570373535,15.833333015441895,15.28173542022705
15-03-2012,15.45875358581543,15.639731407165527,30249331,15.749157905578613,15.500842094421387,14.960830688476562
16-03-2012,15.505050659179688,15.505050659179688,43707233,15.951177597045898,15.862794876098633,15.310173034667969
19-03-2012,15.606060981750488,15.681818008422852,26380015,15.989056587219238,15.904882431030273,15.350793838500977
20-03-2012,15.622896194458008,15.782828330993652,14569632,15.799662590026855,15.736532211303711,15.188308715820312
21-03-2012,15.627103805541992,15.749157905578613,21458131,15.862794876098633,15.749157905578613,15.200493812561035
22-03-2012,15.57239055633545,15.63552188873291,16986737,15.892255783081055,15.833333015441895,15.28173542022705
23-03-2012,15.542928695678711,15.892255783081055,21618511,15.896465301513672,15.610268592834473,15.066445350646973
26-03-2012,15.719696998596191,15.782828330993652,17715218,16.031145095825195,16.026935577392578,15.468596458435059
27-03-2012,15.888047218322754,16.035354614257812,20874110,16.06902313232422,15.938551902770996,15.383291244506836
28-03-2012,15.551346778869629,15.900672912597656,22252190,15.942761421203613,15.67340087890625,15.127376556396484
29-03-2012,15.450337409973145,15.610268592834473,29975616,15.627103805541992,15.568181991577148,15.025823593139648
30-03-2012,15.433502197265625,15.702861785888672,22865674,15.740740776062012,15.530303001403809,14.989264488220215
02-04-2012,15.260943412780762,15.43770980834961,27793973,15.47558879852295,15.399831771850586,14.863340377807617
03-04-2012,15.277777671813965,15.328283309936523,27946750,15.513467788696289,15.416666984558105,14.879589080810547
04-04-2012,14.94107723236084,15.273569107055664,28790705,15.277777671813965,15.03787899017334,14.513994216918945
05-04-2012,14.877945899963379,14.95791244506836,19584418,15.1010103225708,14.991581916809082,14.469311714172363
09-04-2012,14.915824890136719,14.953703880310059,25470958,15.353534698486328,15.277777671813965,14.745535850524902
10-04-2012,14.86111068725586,15.210437774658203,27880459,15.429292678833008,14.928450584411621,14.408378601074219
11-04-2012,15.0042085647583,15.084175109863281,18425405,15.227272987365723,15.050504684448242,14.526182174682617
12-04-2012,15.096800804138184,15.109428405761719,16483025,15.454545021057129,15.345117568969727,14.810530662536621
13-04-2012,15.151515007019043,15.286194801330566,17171352,15.361952781677246,15.202019691467285,14.672416687011719
16-04-2012,14.911616325378418,15.260943412780762,21971585,15.303030014038086,14.94107723236084,14.420565605163574
17-04-2012,15.03787899017334,15.04208755493164,20311236,15.286194801330566,15.185185432434082,14.656168937683105
18-04-2012,14.94107723236084,15.210437774658203,28578766,15.269359588623047,15.096800804138184,14.570863723754883
19-04-2012,16.426767349243164,16.468854904174805,144036209,17.60942840576172,17.09596061706543,16.500377655029297
20-04-2012,16.94444465637207,17.087541580200195,38995625,17.209596633911133,16.95707130432129,16.3663272857666
23-04-2012,16.536195755004883,16.578283309936523,37873678,16.79292869567871,16.68770980834961,16.106353759765625
24-04-2012,16.447811126708984,16.637205123901367,27413100,16.830808639526367,16.540403366088867,15.964176177978516
25-04-2012,16.498315811157227,16.670875549316406,25086283,17.02020263671875,16.776094436645508,16.191654205322266
26-04-2012,16.83922576904297,16.919191360473633,44480858,17.36111068725586,17.276935577392578,16.675050735473633
27-04-2012,17.121212005615234,17.483165740966797,25437931,17.5,17.352693557739258,16.748167037963867
30-04-2012,17.2011775970459,17.407407760620117,43385522,17.65993309020996,17.264310836791992,16.662860870361328
01-05-2012,17.12542152404785,17.12542152404785,28853431,17.428451538085938,17.150672912597656,16.55318260192871
02-05-2012,16.982322692871094,17.066497802734375,20670250,17.36111068725586,17.323232650756836,16.719730377197266
03-05-2012,16.83501625061035,17.268518447875977,23912302,17.310606002807617,16.994949340820312,16.40288734436035
04-05-2012,16.553030014038086,16.81397247314453,24895728,16.830808639526367,16.599327087402344,16.02104949951172
07-05-2012,16.414140701293945,16.502525329589844,27766649,16.990741729736328,16.864477157592773,16.27695655822754
08-05-2012,16.52777862548828,16.788721084594727,26298043,16.95707130432129,16.91498374938965,16.32571029663086
09-05-2012,16.691919326782227,16.755050659179688,38912227,17.188552856445312,17.070707321166992,16.476001739501953
10-05-2012,17.15909194946289,17.213804244995117,42113650,17.42424201965332,17.344276428222656,16.74004364013672
11-05-2012,17.12542152404785,17.260101318359375,28870301,17.38215446472168,17.146465301513672,16.54912567138672
14-05-2012,16.79292869567871,17.015993118286133,26782985,17.112794876098633,16.940235137939453,16.350078582763672
15-05-2012,16.767677307128906,16.948652267456055,23007521,17.07491683959961,16.856061935424805,16.268836975097656
16-05-2012,16.72138023376465,16.948652267456055,27227297,17.129629135131836,16.776094436645508,16.191654205322266
17-05-2012,16.426767349243164,16.734006881713867,25193441,16.92340087890625,16.426767349243164,15.854497909545898
18-05-2012,16.085859298706055,16.456228256225586,38377627,16.59090805053711,16.1447811126709,15.582335472106934
21-05-2012,16.157407760620117,16.20791244506836,24781918,16.767677307128906,16.628787994384766,16.049482345581055
22-05-2012,16.40993309020996,16.641414642333984,21580970,16.83501625061035,16.50673484802246,15.931678771972656
23-05-2012,16.31313133239746,16.443603515625,23734814,16.717172622680664,16.700336456298828,16.1185359954834
24-05-2012,16.515151977539062,17.02020263671875,40633639,17.112794876098633,16.691919326782227,16.11041259765625
25-05-2012,16.683502197265625,16.746633529663086,29953757,17.066497802734375,16.982322692871094,16.390701293945312
29-05-2012,16.961278915405273,17.07491683959961,39204950,17.53367042541504,17.462120056152344,16.853778839111328
30-05-2012,16.329965591430664,17.314815521240234,55982837,17.323232650756836,16.662458419799805,16.081981658935547
31-05-2012,16.33417510986328,16.64562225341797,44232091,16.704544067382812,16.494108200073242,15.919492721557617
01-06-2012,15.993266105651855,16.136363983154297,44995500,16.426767349243164,16.3383846282959,15.769193649291992
04-06-2012,16.32575798034668,16.397306442260742,46886321,16.620370864868164,16.481481552124023,15.907305717468262
05-06-2012,16.380470275878906,16.439393997192383,23370098,16.771886825561523,16.734006881713867,16.151033401489258
06-06-2012,16.81818199157715,16.83501625061035,24105946,17.24326515197754,17.230640411376953,16.630361557006836
07-06-2012,17.171716690063477,17.43686866760254,22633301,17.558923721313477,17.213804244995117,16.614116668701172
08-06-2012,16.973905563354492,17.16750717163086,20662646,17.46632957458496,17.276935577392578,16.675050735473633
11-06-2012,17.150672912597656,17.36111068725586,25235734,17.5084171295166,17.226430892944336,16.626304626464844
12-06-2012,17.066497802734375,17.264310836791992,33872731,17.373737335205078,17.218013763427734,16.61817741394043
13-06-2012,16.780302047729492,17.196969985961914,32646002,17.213804244995117,16.906566619873047,16.317583084106445
14-06-2012,16.666667938232422,16.961278915405273,23960059,16.99915885925293,16.88973045349121,16.301334381103516
15-06-2012,16.88973045349121,16.927608489990234,34706232,17.163299560546875,17.117002487182617,16.520689010620117
18-06-2012,17.083332061767578,17.12542152404785,63425419,17.967172622680664,17.882997512817383,17.25999641418457
19-06-2012,17.739898681640625,17.946128845214844,44589917,18.49326515197754,18.308080673217773,17.670270919799805
20-06-2012,17.967172622680664,18.282827377319336,27600566,18.316497802734375,18.07659912109375,17.446849822998047
21-06-2012,17.53367042541504,18.11026954650879,31180010,18.177608489990234,17.6052188873291,16.99189567565918
22-06-2012,17.61784553527832,17.676767349243164,50453885,18.038721084594727,18.01346778869629,17.385923385620117
25-06-2012,17.462120056152344,17.77777862548828,21328402,17.882997512817383,17.5968017578125,16.9837703704834
26-06-2012,17.676767349243164,17.731481552124023,29106238,18.05555534362793,17.887205123901367,17.264060974121094
27-06-2012,17.693603515625,17.93770980834961,21661279,18.05555534362793,17.7988224029541,17.17875099182129
28-06-2012,16.91077423095703,17.2979793548584,35225626,17.356901168823242,17.163299560546875,16.565372467041016
29-06-2012,17.260101318359375,17.504209518432617,28923286,17.75673484802246,17.68097686767578,17.065013885498047
02-07-2012,17.213804244995117,17.765151977539062,25874878,17.7988224029541,17.348485946655273,16.744104385375977
03-07-2012,17.260101318359375,17.377946853637695,11715818,17.495790481567383,17.34006690979004,16.735979080200195
05-07-2012,17.133838653564453,17.377946853637695,18255758,17.428451538085938,17.226430892944336,16.626304626464844
06-07-2012,16.81397247314453,17.163299560546875,20564042,17.209596633911133,17.00757598876953,16.41507339477539
09-07-2012,16.948652267456055,17.045455932617188,22476485,17.16750717163086,17.121212005615234,16.524749755859375
10-07-2012,16.510942459106445,17.27272605895996,28990051,17.34006690979004,16.700336456298828,16.1185359954834
11-07-2012,16.279460906982422,16.696128845214844,22641142,16.700336456298828,16.468854904174805,15.89511775970459
12-07-2012,16.212120056152344,16.329965591430664,23411678,16.616161346435547,16.544612884521484,15.968235969543457
13-07-2012,16.489898681640625,16.574073791503906,16434079,16.86868667602539,16.81397247314453,16.228212356567383
16-07-2012,16.203704833984375,16.717172622680664,31791593,16.72138023376465,16.245790481567383,15.679827690124512
17-07-2012,16.018518447875977,16.443603515625,27793498,16.595117568969727,16.443603515625,15.870746612548828
18-07-2012,16.443603515625,16.510942459106445,44456386,17.087541580200195,17.02861976623535,16.435380935668945
19-07-2012,18.202861785888672,18.518518447875977,83817677,18.703704833984375,18.497474670410156,17.853065490722656
20-07-2012,18.392255783081055,18.425926208496094,53364010,19.141414642333984,18.876262664794922,18.218660354614258
23-07-2012,18.021886825561523,18.41750717163086,42311095,18.699495315551758,18.619529724121094,17.970869064331055
24-07-2012,18.156566619873047,18.564815521240234,25864423,18.79208755493164,18.316497802734375,17.678394317626953
25-07-2012,18.017677307128906,18.308080673217773,24536952,18.446969985961914,18.177608489990234,17.544343948364258
26-07-2012,18.219697952270508,18.476430892944336,25014766,18.636363983154297,18.43013572692871,17.78807258605957
27-07-2012,18.480640411376953,18.52272605895996,34202758,19.141414642333984,19.031986236572266,18.368955612182617
30-07-2012,18.943603515625,18.97727394104004,31003711,19.42340087890625,19.191919326782227,18.523319244384766
31-07-2012,18.627946853637695,19.116161346435547,27016546,19.128787994384766,18.6447811126709,17.9952392578125
01-08-2012,18.400672912597656,18.81313133239746,17677915,18.880470275878906,18.47222137451172,17.828691482543945
02-08-2012,18.20707130432129,18.27020263671875,20538144,18.800504684448242,18.421716690063477,17.779951095581055
03-08-2012,18.678451538085938,18.8468017578125,19973131,19.02777862548828,18.72895622253418,18.076486587524414
06-08-2012,18.585859298706055,18.766834259033203,17362382,18.939393997192383,18.842592239379883,18.1861629486084
07-08-2012,18.935184478759766,18.956228256225586,21161369,19.356061935424805,19.196128845214844,18.527381896972656
08-08-2012,18.817340850830078,19.023569107055664,20754598,19.036195755004883,18.914140701293945,18.25521469116211
09-08-2012,18.573232650756836,18.964645385742188,20503454,19.02777862548828,18.63215446472168,17.983055114746094
10-08-2012,18.404882431030273,18.59006690979004,18400932,18.76262664794922,18.514310836791992,17.86931800842285
13-08-2012,18.543771743774414,18.5479793548584,38491438,19.166667938232422,19.074073791503906,18.409576416015625
14-08-2012,19.044612884521484,19.196128845214844,26494538,19.38131332397461,19.09090805053711,18.425827026367188
15-08-2012,18.918350219726562,19.040403366088867,17249998,19.179292678833008,18.93097686767578,18.271467208862305
16-08-2012,18.947811126708984,18.964645385742188,27051473,19.343433380126953,19.271886825561523,18.60049819946289
17-08-2012,19.255050659179688,19.46548843383789,33970622,19.802188873291016,19.726430892944336,19.03920555114746
20-08-2012,19.42340087890625,19.810606002807617,17460036,19.810606002807617,19.52861976623535,18.84828758239746
21-08-2012,19.14562225341797,19.532827377319336,22093474,19.646465301513672,19.297138214111328,18.6248722076416
22-08-2012,19.726430892944336,19.793771743774414,43304738,20.235689163208008,19.781145095825195,19.092016220092773
23-08-2012,19.532827377319336,19.89057159423828,27998071,19.92424201965332,19.7011775970459,19.014835357666016
24-08-2012,19.654882431030273,19.671716690063477,22451537,19.983165740966797,19.823232650756836,19.132638931274414
27-08-2012,19.638046264648438,19.928451538085938,16398439,19.941076278686523,19.77272605895996,19.083892822265625
28-08-2012,19.671716690063477,19.718013763427734,16325971,19.869529724121094,19.755891799926758,19.067646026611328
29-08-2012,19.873737335205078,19.873737335205078,25207697,20.164140701293945,19.98737335205078,19.291061401367188
30-08-2012,19.56229019165039,19.869529724121094,16771946,19.907407760620117,19.591751098632812,18.909221649169922
31-08-2012,19.675926208496094,19.776935577392578,20122582,20.11784553527832,19.97895622253418,19.282936096191406
04-09-2012,19.68013572692871,19.97895622253418,17968025,20.101009368896484,19.932659149169922,19.238252639770508
05-09-2012,19.51178550720215,19.66750717163086,29605435,19.974746704101562,19.848485946655273,19.157007217407227
06-09-2012,20.01262664794922,20.037879943847656,35625269,20.73653221130371,20.58501625061035,19.86788558959961
07-09-2012,20.496633529663086,20.622896194458008,29448382,20.732322692871094,20.723905563354492,20.001934051513672
10-09-2012,20.40403938293457,20.622896194458008,24273929,20.677608489990234,20.42508316040039,19.713523864746094
11-09-2012,20.197811126708984,20.416667938232422,28477786,20.462963104248047,20.34090805053711,19.63227653503418
12-09-2012,20.071548461914062,20.387205123901367,19185012,20.538721084594727,20.197811126708984,19.494169235229492
13-09-2012,20.067340850830078,20.143098831176758,22278564,20.656566619873047,20.572391510009766,19.855697631835938
14-09-2012,20.669191360473633,20.71548843383789,34386185,21.317340850830078,21.031145095825195,20.298471450805664
17-09-2012,20.963804244995117,21.23737335205078,16114507,21.245790481567383,21.245790481567383,20.505638122558594
18-09-2012,20.888046264648438,20.989057540893555,19017029,21.11111068725586,21.026935577392578,20.294408798217773
19-09-2012,20.850168228149414,21.11111068725586,16867224,21.2415828704834,21.20791244506836,20.469078063964844
20-09-2012,20.91750717163086,21.16582489013672,16761254,21.18686866760254,21.07744026184082,20.343154907226562
21-09-2012,20.753366470336914,21.039562225341797,43508599,21.056396484375,20.820707321166992,20.095361709594727
24-09-2012,20.559764862060547,20.76178550720215,18727157,20.888046264648438,20.753366470336914,20.03036880493164
25-09-2012,20.13888931274414,20.75757598876953,29036858,20.833332061767578,20.214645385742188,19.51041603088379
26-09-2012,19.932659149169922,20.164140701293945,28980072,20.265151977539062,20.0084171295166,19.311370849609375
27-09-2012,20.079965591430664,20.079965591430664,23152694,20.74915885925293,20.67340087890625,19.953189849853516
28-09-2012,20.2988224029541,20.648147583007812,17556977,20.702861785888672,20.357744216918945,19.648530960083008
01-10-2012,20.231481552124023,20.441919326782227,15568265,20.643938064575195,20.2988224029541,19.591657638549805
02-10-2012,20.18097686767578,20.446128845214844,11781396,20.484006881713867,20.370370864868164,19.660715103149414
03-10-2012,20.269359588623047,20.484006881713867,21079159,20.49242401123047,20.450336456298828,19.737895965576172
04-10-2012,20.753366470336914,20.91750717163086,25680283,21.1447811126709,20.829124450683594,20.10348892211914
05-10-2012,20.433502197265625,20.980640411376953,16958225,21.060606002807617,20.509258270263672,19.794767379760742
08-10-2012,19.983165740966797,20.34090805053711,24718003,20.559764862060547,20.168350219726562,19.465730667114258
09-10-2012,19.41077423095703,20.15993309020996,34466731,20.2020206451416,19.452861785888672,18.775169372558594
10-10-2012,19.43602752685547,19.52861976623535,27346334,19.755891799926758,19.68013572692871,18.994525909423828
11-10-2012,19.739057540893555,19.89057159423828,26069947,20.05471420288086,19.98737335205078,19.291061401367188
12-10-2012,19.995790481567383,20.04208755493164,18049997,20.231481552124023,20.13888931274414,19.437301635742188
15-10-2012,19.46548843383789,20.1052188873291,36000914,20.231481552124023,19.949495315551758,19.254505157470703
16-10-2012,19.886363983154297,20.058923721313477,22164278,20.40403938293457,20.303030014038086,19.59572410583496
17-10-2012,20.11784553527832,20.39562225341797,43263634,20.49242401123047,20.286195755004883,19.5794734954834
18-10-2012,20.357744216918945,20.382997512817383,83018628,21.439393997192383,21.393098831176758,20.647815704345703
19-10-2012,20.862794876098633,21.3383846282959,47050027,21.380470275878906,21.031145095825195,20.298471450805664
22-10-2012,20.963804244995117,21.014310836791992,22625460,21.275253295898438,21.106901168823242,20.371585845947266
23-10-2012,20.70707130432129,20.91750717163086,24657890,21.2415828704834,20.77020263671875,20.04661750793457
24-10-2012,20.336700439453125,20.816497802734375,26714794,20.867002487182617,20.572391510009766,19.855697631835938
25-10-2012,20.328283309936523,20.711278915405273,17602834,20.77861976623535,20.345117568969727,19.63634490966797
26-10-2012,20.286195755004883,20.353534698486328,25827358,20.946969985961914,20.837541580200195,20.11161231994629
31-10-2012,20.248315811157227,20.82491683959961,37708070,20.841751098632812,20.311447143554688,19.60384750366211
01-11-2012,20.25673484802246,20.387205123901367,18710050,20.82491683959961,20.71548843383789,19.993806838989258
02-11-2012,20.49242401123047,20.77861976623535,19390298,20.871212005615234,20.49242401123047,19.77851676940918
05-11-2012,20.370370864868164,20.526094436645508,12751992,20.81229019165039,20.77020263671875,20.04661750793457
06-11-2012,20.698652267456055,20.77861976623535,14163098,21.035354614257812,20.829124450683594,20.10348892211914
07-11-2012,20.2020206451416,20.54292869567871,28261807,20.70707130432129,20.370370864868164,19.660715103149414
08-11-2012,20.1052188873291,20.391414642333984,24077196,20.782827377319336,20.147306442260742,19.445423126220703
09-11-2012,19.9116153717041,20.004209518432617,21580970,20.391414642333984,20.0883846282959,19.388551712036133
12-11-2012,19.77272605895996,20.0968017578125,14071622,20.214645385742188,19.97895622253418,19.282936096191406
13-11-2012,19.781145095825195,19.856901168823242,15393154,20.290403366088867,20.092592239379883,19.392616271972656
14-11-2012,19.452861785888672,20.126262664794922,22854031,20.197811126708984,19.558080673217773,18.87672233581543
15-11-2012,19.217172622680664,19.490741729736328,19029859,19.633838653564453,19.579124450683594,18.897037506103516
16-11-2012,19.45707130432129,19.608585357666016,26832406,20.004209518432617,19.89057159423828,19.1976318359375
19-11-2012,19.983165740966797,20.0883846282959,21214591,20.307239532470703,20.168350219726562,19.465730667114258
20-11-2012,20.03367042541504,20.214645385742188,15687065,20.387205123901367,20.311447143554688,19.60384750366211
21-11-2012,20.214645385742188,20.311447143554688,17218397,20.538721084594727,20.467172622680664,19.754148483276367
23-11-2012,20.517677307128906,20.58922576904297,9483329,20.68602752685547,20.627103805541992,19.908504486083984
26-11-2012,20.77861976623535,20.795455932617188,42771326,21.79292869567871,21.632997512817383,20.879356384277344
27-11-2012,21.212120056152344,21.494108200073242,33557198,21.771886825561523,21.52777862548828,20.77779769897461
28-11-2012,21.25,21.481481552124023,22321094,21.68770980834961,21.662458419799805,20.907791137695312
29-11-2012,21.67508316040039,21.78451156616211,32616778,22.22222137451172,21.969697952270508,21.20432472229004
30-11-2012,21.822391510009766,21.885522842407227,27742414,22.306396484375,22.230640411376953,21.456174850463867
03-12-2012,21.86868667602539,22.335859298706055,20154658,22.369529724121094,21.90235710144043,21.13932991027832
04-12-2012,21.637205123901367,21.906566619873047,19675418,21.93602752685547,21.88131332397461,21.119020462036133
05-12-2012,21.67508316040039,21.93181800842285,18878983,22.09596061706543,21.893938064575195,21.13120460510254
06-12-2012,21.79292869567871,21.88131332397461,16827782,22.188552856445312,21.88131332397461,21.119020462036133
07-12-2012,21.662458419799805,21.93602752685547,14961672,22.02861976623535,21.776094436645508,21.017467498779297
10-12-2012,21.376262664794922,21.86026954650879,18434909,21.88131332397461,21.536195755004883,20.785924911499023
11-12-2012,21.586700439453125,21.641414642333984,24652426,21.969697952270508,21.88131332397461,21.119020462036133
12-12-2012,21.80555534362793,21.898147583007812,20411503,22.15909194946289,21.82659912109375,21.066211700439453
13-12-2012,21.35942840576172,21.801347732543945,29512296,21.872896194458008,21.473064422607422,20.724994659423828
14-12-2012,21.115320205688477,21.561447143554688,19261757,21.59090805053711,21.19528579711914,20.456892013549805
17-12-2012,21.13215446472168,21.26262664794922,22887058,21.73821449279785,21.595117568969727,20.842796325683594
18-12-2012,21.641414642333984,21.700336456298828,33563138,22.112794876098633,21.84764289855957,21.08652114868164
19-12-2012,21.5488224029541,21.885522842407227,21427718,21.927608489990234,21.607744216918945,20.854982376098633
20-12-2012,21.426767349243164,21.666667938232422,23046725,21.961278915405273,21.94444465637207,21.17995262145996
21-12-2012,21.33417510986328,21.641414642333984,32527678,21.670875549316406,21.611953735351562,20.859046936035156
24-12-2012,21.439393997192383,21.502525329589844,11667110,21.797138214111328,21.498315811157227,20.749366760253906
26-12-2012,20.980640411376953,21.473064422607422,17254037,21.50673484802246,21.1447811126709,20.40814781188965
27-12-2012,20.904882431030273,21.224746704101562,18783943,21.317340850830078,21.16582489013672,20.428455352783203
28-12-2012,20.9511775970459,21.001684188842773,12018996,21.22895622253418,20.963804244995117,20.233476638793945
31-12-2012,20.70707130432129,20.942760467529297,17851601,21.5488224029541,21.464645385742188,20.716867446899414
02-01-2013,21.90235710144043,22.053871154785156,32786186,22.601009368896484,22.55471420288086,21.76896095275879
03-01-2013,21.948652267456055,22.51262664794922,25735406,22.579965591430664,22.07491683959961,21.305879592895508
04-01-2013,21.978113174438477,22.079124450683594,15411449,22.356901168823242,22.213804244995117,21.43992805480957
07-01-2013,21.91077423095703,22.108585357666016,24200986,22.550504684448242,22.52104377746582,21.736465454101562
08-01-2013,22.100168228149414,22.45791244506836,27391003,22.811447143554688,22.171716690063477,21.399309158325195
09-01-2013,22.07491683959961,22.230640411376953,19245362,22.483165740966797,22.205387115478516,21.431804656982422
10-01-2013,22.066497802734375,22.449495315551758,17419169,22.516834259033203,22.306396484375,21.529293060302734
11-01-2013,22.331649780273438,22.365320205688477,27193795,22.655723571777344,22.601009368896484,21.81364631652832
14-01-2013,22.234848022460938,22.550504684448242,25185838,22.5883846282959,22.38215446472168,21.6024112701416
15-01-2013,22.037036895751953,22.386363983154297,22867574,22.5,22.100168228149414,21.33025360107422
16-01-2013,21.83501625061035,22.276935577392578,52873366,22.5,22.264310836791992,21.48867416381836
17-01-2013,22.622053146362305,22.781986236572266,58113634,23.09764289855957,22.7988224029541,22.004568099975586
18-01-2013,22.601009368896484,22.7988224029541,25087471,22.93770980834961,22.815656661987305,22.02081298828125
22-01-2013,22.331649780273438,22.790403366088867,25371403,22.861953735351562,22.462120056152344,21.679594039916992
23-01-2013,22.44528579711914,22.470539093017578,21471437,22.735689163208008,22.46632957458496,21.683658599853516
24-01-2013,22.546295166015625,22.550504684448242,30296851,23.29124641418457,23.228113174438477,22.418899536132812
25-01-2013,23.535354614257812,23.56902313232422,31672555,23.8468017578125,23.79208755493164,22.963226318359375
28-01-2013,23.455387115478516,23.648990631103516,18714326,23.712120056152344,23.5479793548584,22.72762680053711
29-01-2013,23.27020263671875,23.425926208496094,16720387,23.501684188842773,23.425926208496094,22.60982322692871
30-01-2013,23.367002487182617,23.560606002807617,16582817,23.779460906982422,23.476430892944336,22.658565521240234
31-01-2013,23.27861976623535,23.299663543701172,18880646,23.678451538085938,23.556396484375,22.735748291015625
01-02-2013,23.623737335205078,23.7415828704834,20128046,24.103534698486328,24.078283309936523,23.239452362060547
04-02-2013,23.413299560546875,23.842592239379883,20574259,23.876262664794922,23.438552856445312,22.622007369995117
05-02-2013,23.484848022460938,23.581649780273438,14695322,23.935184478759766,23.745790481567383,22.918540954589844
06-02-2013,23.4511775970459,23.573232650756836,16639841,23.779460906982422,23.615320205688477,22.792621612548828
07-02-2013,23.295455932617188,23.64057159423828,18168322,23.733165740966797,23.623737335205078,22.800743103027344
08-02-2013,23.733165740966797,23.76262664794922,19166954,24.023569107055664,23.829965591430664,22.999784469604492
11-02-2013,23.463804244995117,23.787879943847656,12238538,23.81313133239746,23.7415828704834,22.91448402404785
12-02-2013,23.615320205688477,23.73737335205078,23816311,24.065656661987305,23.897306442260742,23.064781188964844
13-02-2013,23.7415828704834,23.93097686767578,21612096,24.099327087402344,24.010942459106445,23.17445945739746
14-02-2013,23.83417510986328,23.901514053344727,16762205,24.040403366088867,23.918350219726562,23.08509063720703
15-02-2013,23.7415828704834,23.90993309020996,21693355,24.053030014038086,23.863636016845703,23.032283782958984
19-02-2013,23.720539093017578,23.93097686767578,13548190,23.981481552124023,23.8552188873291,23.024158477783203
20-02-2013,23.350168228149414,23.947811126708984,17572896,24.031986236572266,23.371212005615234,22.557016372680664
21-02-2013,22.685184478759766,23.29124641418457,25490678,23.392255783081055,22.98821449279785,22.187358856201172
22-02-2013,22.967172622680664,23.13131332397461,12087425,23.202861785888672,23.156566619873047,22.34984588623047
25-02-2013,22.558923721313477,23.320707321166992,17431286,23.421716690063477,22.56313133239746,21.777084350585938
26-02-2013,22.356901168823242,22.630470275878906,20108088,22.714645385742188,22.651514053344727,21.862388610839844
27-02-2013,22.5883846282959,22.735689163208008,18205625,22.962963104248047,22.790403366088867,21.996437072753906
28-02-2013,22.836700439453125,22.93770980834961,22751388,23.223905563354492,23.026094436645508,22.223922729492188
01-03-2013,22.735689163208008,22.975589752197266,15260810,23.190235137939453,23.106061935424805,22.301103591918945
04-03-2013,22.83249282836914,22.870370864868164,23168138,23.35437774658203,23.350168228149414,22.53670310974121
05-03-2013,23.047138214111328,23.379629135131836,23314738,23.56902313232422,23.25757598876953,22.44734001159668
06-03-2013,22.4915828704834,23.13973045349121,34595273,23.148147583007812,22.546295166015625,21.76083755493164
07-03-2013,22.2011775970459,22.5968017578125,22453200,22.67255973815918,22.2979793548584,21.52117156982422
08-03-2013,21.994949340820312,22.38215446472168,31070952,22.5,22.36111068725586,21.582103729248047
11-03-2013,22.16750717163086,22.348485946655273,21300840,22.449495315551758,22.205387115478516,21.431804656982422
12-03-2013,21.42255973815918,21.759258270263672,38310386,22.348485946655273,22.289562225341797,21.51304817199707
13-03-2013,21.30471420288086,22.289562225341797,47057155,22.306396484375,21.456228256225586,20.7087459564209
14-03-2013,21.717172622680664,21.797138214111328,40736045,22.264310836791992,21.801347732543945,21.041841506958008
15-03-2013,21.182659149169922,21.767677307128906,51718392,21.919191360473633,21.21632957458496,20.47719955444336
18-03-2013,20.85437774658203,20.984848022460938,34069464,21.275253295898438,21.09006690979004,20.355337142944336
19-03-2013,21.23737335205078,21.464645385742188,34745911,21.62457847595215,21.50673484802246,20.757490158081055
20-03-2013,21.485689163208008,21.746633529663086,34767295,22.142255783081055,22.06229019165039,21.293691635131836
21-03-2013,21.86026954650879,21.969697952270508,33398244,22.32744026184082,22.27272605895996,21.496797561645508
22-03-2013,22.289562225341797,22.310606002807617,20198851,22.5,22.420034408569336,21.638975143432617
25-03-2013,21.519359588623047,22.474746704101562,43189740,22.474746704101562,21.595117568969727,20.842796325683594
26-03-2013,21.50673484802246,21.746633529663086,25564097,21.94444465637207,21.92340087890625,21.15964126586914
27-03-2013,21.443603515625,21.74242401123047,29501604,22.129629135131836,21.91498374938965,21.151519775390625
28-03-2013,21.65403938293457,21.90235710144043,57564540,22.941919326782227,22.81986427307129,22.024877548217773
01-04-2013,23.333332061767578,23.41750717163086,48992882,23.884679794311523,23.446969985961914,22.630136489868164
02-04-2013,23.5479793548584,23.678451538085938,36184342,23.901514053344727,23.636363983154297,22.81292724609375
03-04-2013,23.282827377319336,23.489057540893555,27315446,23.56902313232422,23.358585357666016,22.544830322265625
04-04-2013,23.190235137939453,23.29124641418457,14034557,23.514310836791992,23.480640411376953,22.662630081176758
05-04-2013,22.93770980834961,23.03451156616211,17193449,23.396465301513672,23.367002487182617,22.552955627441406
08-04-2013,23.27020263671875,23.32491683959961,24205738,23.92255973815918,23.514310836791992,22.69512939453125
09-04-2013,23.282827377319336,23.333332061767578,14883739,23.7584171295166,23.598485946655273,22.776369094848633
10-04-2013,23.68686866760254,23.70791244506836,19011089,24.234006881713867,24.116161346435547,23.27601432800293
11-04-2013,24.078283309936523,24.166667938232422,17323891,24.427608489990234,24.31818199157715,23.470993041992188
12-04-2013,23.90993309020996,24.36868667602539,15005390,24.36868667602539,24.120370864868164,23.280075073242188
15-04-2013,23.438552856445312,23.981481552124023,21854210,24.191919326782227,23.501684188842773,22.682941436767578
16-04-2013,23.56902313232422,23.648990631103516,20503930,24.053030014038086,23.994108200073242,23.15821075439453
17-04-2013,23.421716690063477,23.775253295898438,34952386,23.918350219726562,23.61111068725586,22.788557052612305
18-04-2013,22.192760467529297,22.664140701293945,60248470,22.828283309936523,22.230640411376953,21.456174850463867
19-04-2013,21.843433380126953,22.209596633911133,37065600,22.407407760620117,22.049663543701172,21.281505584716797
22-04-2013,21.531986236572266,21.94444465637207,32696611,22.02020263671875,21.72979736328125,20.9727840423584
23-04-2013,21.822391510009766,21.86868667602539,30124354,22.209596633911133,22.091751098632812,21.32213020324707
24-04-2013,22.154882431030273,22.306396484375,24300778,22.44528579711914,22.293771743774414,21.517112731933594
25-04-2013,21.91498374938965,22.43686866760254,27269827,22.45791244506836,22.037036895751953,21.269317626953125
26-04-2013,21.83922576904297,22.053871154785156,25215062,22.247474670410156,22.112794876098633,21.342435836791992
29-04-2013,21.973905563354492,22.142255783081055,17039009,22.302188873291016,22.239057540893555,21.46430206298828
30-04-2013,21.940235137939453,22.16750717163086,21519194,22.365320205688477,22.049663543701172,21.281505584716797
01-05-2013,21.851852416992188,22.045455932617188,18811267,22.251684188842773,22.053871154785156,21.285564422607422
02-05-2013,21.898147583007812,22.06229019165039,23486998,22.601009368896484,22.537879943847656,21.752710342407227
03-05-2013,22.558923721313477,22.72727394104004,17124782,22.941919326782227,22.815656661987305,22.02081298828125
06-05-2013,22.626262664794922,22.752525329589844,15097104,23.072391510009766,22.765151977539062,21.972068786621094
07-05-2013,22.348485946655273,22.697811126708984,22999680,22.781986236572266,22.7020206451416,21.911134719848633
08-05-2013,22.630470275878906,22.731481552124023,16697340,23.13973045349121,23.13131332397461,22.32547378540039
09-05-2013,23.059764862060547,23.143938064575195,22092286,23.564815521240234,23.219697952270508,22.410778045654297
10-05-2013,23.23653221130371,23.31229019165039,16929950,23.49326515197754,23.421716690063477,22.605762481689453
13-05-2013,23.18602752685547,23.480640411376953,17156146,23.484848022460938,23.287036895751953,22.475772857666016
14-05-2013,23.20707130432129,23.211278915405273,21923590,23.7415828704834,23.682659149169922,22.85761070251465
15-05-2013,23.594276428222656,23.682659149169922,20357806,23.8552188873291,23.842592239379883,23.01197624206543
16-05-2013,23.4511775970459,23.905723571777344,20247084,23.947811126708984,23.484848022460938,22.66669273376465
17-05-2013,23.766834259033203,23.775253295898438,27463234,24.036195755004883,23.86784553527832,23.036348342895508
20-05-2013,23.468013763427734,23.80471420288086,20812810,23.8468017578125,23.5479793548584,22.72762680053711
21-05-2013,23.122896194458008,23.552188873291016,30933857,23.615320205688477,23.127103805541992,22.321413040161133
22-05-2013,22.781986236572266,23.282827377319336,27209002,23.49326515197754,22.89562225341797,22.097991943359375
23-05-2013,22.441076278686523,22.5968017578125,22498106,22.962963104248047,22.929292678833008,22.130491256713867
24-05-2013,22.546295166015625,22.643098831176758,17368560,23.00084114074707,22.996633529663086,22.195484161376953
28-05-2013,23.23653221130371,23.253366470336914,23160298,23.67424201965332,23.371212005615234,22.557016372680664
29-05-2013,22.950336456298828,23.211278915405273,20656231,23.316497802734375,23.169191360473633,22.36203384399414
30-05-2013,23.13131332397461,23.15235710144043,20792851,23.438552856445312,23.190235137939453,22.382343292236328
31-05-2013,22.723064422607422,23.021886825561523,30435847,23.11026954650879,22.769359588623047,21.97612762451172
03-06-2013,22.053871154785156,22.668350219726562,31191890,22.68097686767578,22.47895622253418,21.695844650268555
04-06-2013,21.978113174438477,22.61784553527832,25220527,22.622053146362305,22.133838653564453,21.362749099731445
05-06-2013,21.426767349243164,22.12542152404785,34363850,22.171716690063477,21.616161346435547,20.86310386657715
06-06-2013,21.393098831176758,21.52777862548828,23399798,21.74242401123047,21.683502197265625,20.928098678588867
07-06-2013,21.641414642333984,21.864477157592773,27889963,21.96548843383789,21.65403938293457,20.89966583251953
10-06-2013,21.717172622680664,21.801347732543945,27733147,22.470539093017578,22.4116153717041,21.630847930908203
11-06-2013,21.830808639526367,21.990741729736328,30397831,22.154882431030273,21.906566619873047,21.143396377563477
12-06-2013,21.351009368896484,22.02861976623535,24583759,22.04124641418457,21.35942840576172,20.61531639099121
13-06-2013,21.31313133239746,21.342592239379883,25334100,21.725589752197266,21.666667938232422,20.911849975585938
14-06-2013,21.494108200073242,21.67508316040039,15665443,21.788721084594727,21.586700439453125,20.834671020507812
17-06-2013,21.78451156616211,21.843433380126953,18590537,22.196969985961914,21.91498374938965,21.151519775390625
18-06-2013,21.927608489990234,21.973905563354492,13479523,22.247474670410156,22.121212005615234,21.350561141967773
19-06-2013,21.95707130432129,22.154882431030273,30040243,22.302188873291016,21.982322692871094,21.216514587402344
20-06-2013,21.245790481567383,21.797138214111328,24812330,21.81397247314453,21.3552188873291,20.611255645751953
21-06-2013,21.148990631103516,21.384679794311523,32499878,21.565656661987305,21.519359588623047,20.76967430114746
24-06-2013,21.081649780273438,21.393098831176758,22381207,21.603534698486328,21.38888931274414,20.643754959106445
25-06-2013,21.59090805053711,21.607744216918945,20361132,21.84764289855957,21.734006881713867,20.97684669494629
26-06-2013,21.464645385742188,21.898147583007812,26014586,21.927608489990234,21.603534698486328,20.850919723510742
27-06-2013,21.755050659179688,21.788721084594727,21476664,22.00757598876953,21.94444465637207,21.17995262145996
28-06-2013,21.557239532470703,21.712963104248047,36449028,22.070707321166992,21.767677307128906,21.00934600830078
01-07-2013,21.898147583007812,21.969697952270508,21265675,22.428451538085938,22.264310836791992,21.48867416381836
02-07-2013,22.281145095825195,22.314815521240234,19465380,22.571548461914062,22.44528579711914,21.663347244262695
03-07-2013,22.22222137451172,22.24326515197754,9958766,22.529460906982422,22.377946853637695,21.598352432250977
05-07-2013,22.310606002807617,22.630470275878906,10724314,22.68097686767578,22.664140701293945,21.874576568603516
08-07-2013,22.462120056152344,22.845117568969727,14408539,22.887205123901367,22.6052188873291,21.817707061767578
09-07-2013,22.735689163208008,22.77777862548828,16861997,22.98821449279785,22.933502197265625,22.134552001953125
10-07-2013,22.984006881713867,23.005050659179688,16521991,23.240741729736328,23.09764289855957,22.2929744720459
11-07-2013,23.29124641418457,23.299663543701172,23027717,23.63215446472168,23.518518447875977,22.699188232421875
12-07-2013,23.463804244995117,23.484848022460938,20530778,24.019359588623047,24.00673484802246,23.170400619506836
15-07-2013,23.6447811126709,23.998315811157227,16341890,24.02777862548828,23.7584171295166,22.93073081970215
16-07-2013,23.678451538085938,23.918350219726562,21428194,23.973064422607422,23.90993309020996,23.076967239379883
17-07-2013,23.8552188873291,23.926767349243164,36015646,24.200336456298828,24.149831771850586,23.308509826660156
18-07-2013,22.373737335205078,22.550504684448242,102379226,22.664140701293945,22.525253295898438,21.740530014038086
19-07-2013,21.93602752685547,22.622053146362305,45678125,22.693603515625,21.96548843383789,21.200265884399414
22-07-2013,21.83922576904297,22.06229019165039,37008338,22.083332061767578,22.015993118286133,21.249008178710938
23-07-2013,21.683502197265625,22.045455932617188,26183282,22.079124450683594,21.734006881713867,20.97684669494629
24-07-2013,21.717172622680664,21.72138023376465,36824674,22.04124641418457,21.927608489990234,21.16370391845703
25-07-2013,21.603534698486328,21.885522842407227,24117588,21.982322692871094,21.67508316040039,20.91997528076172
26-07-2013,21.43097686767578,21.641414642333984,30194208,22.058080673217773,21.990741729736328,21.22463607788086
29-07-2013,21.67508316040039,21.927608489990234,17808120,22.108585357666016,21.734006881713867,20.97684669494629
30-07-2013,21.717172622680664,21.877103805541992,18566064,21.93181800842285,21.877103805541992,21.114957809448242
31-07-2013,21.632997512817383,21.961278915405273,18370994,21.961278915405273,21.755050659179688,20.997156143188477
01-08-2013,21.797138214111328,21.94444465637207,19255104,22.066497802734375,22.058080673217773,21.289627075195312
02-08-2013,21.940235137939453,22.07491683959961,20216671,22.2011775970459,22.112794876098633,21.342435836791992
05-08-2013,22.024410247802734,22.150672912597656,12784306,22.285354614257812,22.184343338012695,21.41149139404297
06-08-2013,22.070707321166992,22.184343338012695,24570216,22.63888931274414,22.601009368896484,21.81364631652832
07-08-2013,22.2979793548584,22.48737335205078,16768145,22.676767349243164,22.310606002807617,21.533357620239258
08-08-2013,22.239057540893555,22.529460906982422,13387810,22.613636016845703,22.546295166015625,21.76083755493164
09-08-2013,22.293771743774414,22.53367042541504,15162444,22.634679794311523,22.44528579711914,21.663347244262695
12-08-2013,22.10437774658203,22.2011775970459,11195712,22.5,22.42424201965332,21.643033981323242
13-08-2013,22.52104377746582,22.61784553527832,22433479,22.929292678833008,22.77777862548828,21.984254837036133
14-08-2013,22.723064422607422,22.786195755004883,16079342,22.946128845214844,22.824073791503906,22.0289363861084
15-08-2013,21.75084114074707,22.470539093017578,36268927,22.5,22.38215446472168,21.6024112701416
16-08-2013,22.175926208496094,22.344276428222656,17894369,22.571548461914062,22.27272605895996,21.496797561645508
19-08-2013,21.90235710144043,22.196969985961914,15785194,22.42424201965332,21.91498374938965,21.151519775390625
20-08-2013,21.788721084594727,22.01178550720215,22281178,22.150672912597656,21.88131332397461,21.119020462036133
21-08-2013,21.384679794311523,21.771886825561523,30527798,21.830808639526367,21.447811126708984,20.700620651245117
22-08-2013,21.468854904174805,21.5488224029541,17767728,21.725589752197266,21.498315811157227,20.749366760253906
23-08-2013,21.523569107055664,21.557239532470703,16693776,21.759258270263672,21.73821449279785,20.980907440185547
26-08-2013,21.553030014038086,21.746633529663086,19153649,21.940235137939453,21.86868667602539,21.106830596923828
27-08-2013,21.220539093017578,21.565656661987305,24572117,21.670875549316406,21.300504684448242,20.55844497680664
28-08-2013,21.220539093017578,21.35942840576172,19331136,21.468854904174805,21.224746704101562,20.48533058166504
29-08-2013,21.127946853637695,21.136363983154297,16891459,21.666667938232422,21.460437774658203,20.712806701660156
30-08-2013,20.883838653564453,21.502525329589844,26425159,21.50673484802246,21.039562225341797,20.306594848632812
03-09-2013,21.07744026184082,21.287879943847656,19335413,21.502525329589844,21.178451538085938,20.440643310546875
04-09-2013,21.21632957458496,21.35942840576172,22574376,21.73821449279785,21.65403938293457,20.89966583251953
05-09-2013,21.586700439453125,21.666667938232422,16044415,21.982322692871094,21.864477157592773,21.102767944335938
06-09-2013,22.003366470336914,22.108585357666016,28683547,22.407407760620117,22.234848022460938,21.460241317749023
09-09-2013,21.927608489990234,22.213804244995117,21359290,22.428451538085938,22.16750717163086,21.395244598388672
10-09-2013,22.289562225341797,22.32744026184082,20783110,22.53367042541504,22.51262664794922,21.72834014892578
11-09-2013,22.306396484375,22.306396484375,23764039,22.92508316040039,22.845117568969727,22.049251556396484
12-09-2013,22.516834259033203,22.920875549316406,18857599,22.984006881713867,22.739898681640625,21.947694778442383
13-09-2013,22.474746704101562,22.807239532470703,12399631,22.81986427307129,22.651514053344727,21.862388610839844
16-09-2013,22.4915828704834,22.929292678833008,16575689,23.00084114074707,22.579965591430664,21.793333053588867
17-09-2013,22.668350219726562,22.710437774658203,24579958,23.177608489990234,22.99242401123047,22.191423416137695
18-09-2013,22.626262664794922,22.857744216918945,24516518,23.04292869567871,23.01346778869629,22.211732864379883
19-09-2013,22.781986236572266,23.13973045349121,14995649,23.190235137939453,22.916667938232422,22.118305206298828
20-09-2013,22.954544067382812,22.97979736328125,27261036,23.253366470336914,23.127103805541992,22.321413040161133
23-09-2013,22.845117568969727,23.15235710144043,17202715,23.274410247802734,23.047138214111328,22.244230270385742
24-09-2013,22.996633529663086,23.148147583007812,15806815,23.34596061706543,23.219697952270508,22.410778045654297
25-09-2013,22.735689163208008,23.156566619873047,17829979,23.223905563354492,22.815656661987305,22.02081298828125
26-09-2013,22.92508316040039,22.99242401123047,33035666,23.947811126708984,23.8383846282959,23.007909774780273
27-09-2013,23.43013572692871,23.61111068725586,17177292,23.69528579711914,23.476430892944336,22.658565521240234
30-09-2013,23.148147583007812,23.26178550720215,19176934,23.598485946655273,23.484848022460938,22.66669273376465
01-10-2013,23.396465301513672,23.421716690063477,13784839,23.67424201965332,23.556396484375,22.735748291015625
02-10-2013,23.19444465637207,23.388046264648438,15023210,23.4511775970459,23.413299560546875,22.597639083862305
03-10-2013,22.933502197265625,23.358585357666016,15913973,23.47222137451172,23.11026954650879,22.30516242980957
04-10-2013,23.072391510009766,23.17340087890625,13944982,23.484848022460938,23.392255783081055,22.57732391357422
07-10-2013,22.946128845214844,23.106061935424805,12643171,23.329124450683594,22.967172622680664,22.16705322265625
08-10-2013,22.150672912597656,22.946128845214844,21949963,22.97979736328125,22.293771743774414,21.517112731933594
09-10-2013,21.927608489990234,22.36111068725586,21611858,22.4031982421875,22.024410247802734,21.257131576538086
10-10-2013,22.129629135131836,22.255891799926758,21029263,22.537879943847656,22.483165740966797,21.699909210205078
11-10-2013,22.51262664794922,22.537879943847656,20819462,23.059764862060547,22.882997512817383,22.08580780029297
14-10-2013,22.668350219726562,22.773569107055664,14330844,23.05555534362793,23.051347732543945,22.248292922973633
15-10-2013,22.651514053344727,22.975589752197266,21176338,23.06397247314453,22.714645385742188,21.923320770263672
16-10-2013,22.373737335205078,22.912458419799805,45905746,22.912458419799805,22.525253295898438,21.740530014038086
17-10-2013,21.14057159423828,21.182659149169922,81677851,21.830808639526367,21.62457847595215,20.871231079101562
18-10-2013,21.23737335205078,21.70875358581543,72750269,22.171716690063477,21.969697952270508,21.20432472229004
21-10-2013,21.717172622680664,22.066497802734375,33863702,22.133838653564453,21.86026954650879,21.09870719909668
22-10-2013,21.704544067382812,22.015993118286133,26493350,22.037036895751953,21.81397247314453,21.054027557373047
23-10-2013,21.704544067382812,21.780302047729492,19861222,22.003366470336914,21.771886825561523,21.013408660888672
24-10-2013,21.822391510009766,21.91498374938965,23040547,22.100168228149414,22.02861976623535,21.261192321777344
25-10-2013,21.485689163208008,22.133838653564453,37631326,22.27272605895996,21.734006881713867,20.97684669494629
28-10-2013,21.658248901367188,21.801347732543945,20295554,22.003366470336914,21.872896194458008,21.11090087890625
29-10-2013,21.919191360473633,22.00757598876953,29108138,22.462120056152344,22.449495315551758,21.667409896850586
30-10-2013,22.10437774658203,22.52104377746582,20671438,22.52104377746582,22.192760467529297,21.41961669921875
31-10-2013,21.990741729736328,22.192760467529297,21496860,22.276935577392578,22.184343338012695,21.41149139404297
01-11-2013,21.822391510009766,22.281145095825195,29335759,22.302188873291016,21.86026954650879,21.09870719909668
04-11-2013,21.595117568969727,21.88131332397461,20972477,22.003366470336914,21.620370864868164,20.867172241210938
05-11-2013,21.26262664794922,21.578283309936523,26945503,21.607744216918945,21.498315811157227,20.749366760253906
06-11-2013,21.515151977539062,21.704544067382812,59701277,22.651514053344727,22.42424201965332,21.643033981323242
07-11-2013,22.015993118286133,22.516834259033203,22994928,22.664140701293945,22.12542152404785,21.354629516601562
08-11-2013,22.083332061767578,22.239057540893555,23288602,22.377946853637695,22.306396484375,21.529293060302734
11-11-2013,22.09596061706543,22.150672912597656,16391786,22.34006690979004,22.230640411376953,21.456174850463867
12-11-2013,21.86868667602539,21.906566619873047,25500658,22.39057159423828,22.234848022460938,21.460241317749023
13-11-2013,22.083332061767578,22.138046264648438,18187092,22.323232650756836,22.31902313232422,21.541486740112305
14-11-2013,22.171716690063477,22.348485946655273,24993382,22.5084171295166,22.255891799926758,21.480548858642578
15-11-2013,22.02020263671875,22.314815521240234,25152574,22.356901168823242,22.138046264648438,21.366809844970703
18-11-2013,21.771886825561523,22.024410247802734,30303266,22.175926208496094,21.919191360473633,21.15557861328125
19-11-2013,21.86026954650879,22.066497802734375,24385601,22.09596061706543,21.940235137939453,21.175891876220703
20-11-2013,20.984848022460938,22.087541580200195,81408413,22.09596061706543,21.20791244506836,20.469078063964844
21-11-2013,21.014310836791992,21.36784553527832,41840410,21.380470275878906,21.13215446472168,20.395959854125977
22-11-2013,21.119529724121094,21.157407760620117,32588503,21.26262664794922,21.182659149169922,20.444704055786133
25-11-2013,20.399831771850586,21.3468017578125,82930716,21.3552188873291,20.63973045349121,19.920692443847656
26-11-2013,20.22727394104004,20.732322692871094,55663740,20.73653221130371,20.521886825561523,19.80695152282715
27-11-2013,20.68602752685547,20.744949340820312,30033115,20.984848022460938,20.74915885925293,20.026308059692383
29-11-2013,20.921716690063477,20.946969985961914,22896562,21.35942840576172,21.26262664794922,20.521886825561523
02-12-2013,21.561447143554688,21.973905563354492,58951886,22.34006690979004,21.611953735351562,20.859046936035156
03-12-2013,21.578283309936523,21.822391510009766,34375730,21.982322692871094,21.856061935424805,21.094646453857422
04-12-2013,21.2584171295166,21.586700439453125,36743652,21.691919326782227,21.502525329589844,20.7534236907959
05-12-2013,21.393098831176758,21.498315811157227,23590354,21.73821449279785,21.637205123901367,20.88341522216797
06-12-2013,21.759258270263672,21.767677307128906,22392374,22.058080673217773,21.88973045349121,21.12714385986328
09-12-2013,21.700336456298828,21.885522842407227,18799387,21.990741729736328,21.755050659179688,20.997156143188477
10-12-2013,21.725589752197266,21.72979736328125,22690087,22.01178550720215,21.851852416992188,21.090587615966797
11-12-2013,21.595117568969727,21.830808639526367,19546164,21.91498374938965,21.620370864868164,20.867172241210938
12-12-2013,21.544612884521484,21.565656661987305,19308564,21.86868667602539,21.620370864868164,20.867172241210938
13-12-2013,21.641414642333984,21.73821449279785,17398260,21.95707130432129,21.696128845214844,20.94028663635254
16-12-2013,21.88973045349121,21.98653221130371,31045529,22.432659149169922,22.352693557739258,21.5739803314209
17-12-2013,21.885522842407227,21.940235137939453,36125179,22.407407760620117,22.129629135131836,21.358686447143555
18-12-2013,21.700336456298828,22.239057540893555,31386960,22.38215446472168,22.36111068725586,21.582103729248047
19-12-2013,22.066497802734375,22.356901168823242,24282482,22.48737335205078,22.474746704101562,21.69178009033203
20-12-2013,22.462120056152344,22.483165740966797,40938005,23.06397247314453,22.97138023376465,22.171113967895508
23-12-2013,22.97979736328125,23.021886825561523,32086217,23.282827377319336,23.274410247802734,22.463586807250977
24-12-2013,23.038721084594727,23.038721084594727,13115520,23.244949340820312,23.219697952270508,22.410778045654297
26-12-2013,22.6052188873291,23.06397247314453,24449278,23.06818199157715,22.752525329589844,21.959882736206055
27-12-2013,22.61784553527832,22.731481552124023,15736486,22.929292678833008,22.803030014038086,22.008628845214844
30-12-2013,22.651514053344727,22.916667938232422,14539219,22.933502197265625,22.731481552124023,21.9395694732666
31-12-2013,22.723064422607422,22.748315811157227,15124190,23.135522842407227,23.093433380126953,22.28891372680664
02-01-2014,22.685184478759766,23.135522842407227,23698699,23.148147583007812,22.7020206451416,21.911134719848633
03-01-2014,22.386363983154297,22.765151977539062,22783939,22.807239532470703,22.41582489013672,21.634910583496094
06-01-2014,21.553030014038086,22.053871154785156,42542280,22.079124450683594,21.79292869567871,21.033716201782227
07-01-2014,21.877103805541992,22.049663543701172,33442200,22.31902313232422,22.251684188842773,21.476490020751953
08-01-2014,21.95707130432129,22.289562225341797,30967596,22.567340850830078,22.04124641418457,21.27338409423828
09-01-2014,21.81397247314453,22.2011775970459,25015003,22.226430892944336,21.91498374938965,21.151519775390625
10-01-2014,21.510942459106445,21.843433380126953,47645453,21.969697952270508,21.952861785888672,21.18807601928711
13-01-2014,21.797138214111328,21.93602752685547,45269690,22.268518447875977,22.112794876098633,21.342435836791992
14-01-2014,22.02861976623535,22.15909194946289,30514968,22.344276428222656,22.289562225341797,21.51304817199707
15-01-2014,22.352693557739258,22.398990631103516,32937775,22.794612884521484,22.63888931274414,21.85020637512207
16-01-2014,22.558923721313477,22.634679794311523,26769679,22.794612884521484,22.61784553527832,21.829893112182617
17-01-2014,22.2979793548584,22.47895622253418,53988422,22.697811126708984,22.39057159423828,21.61053466796875
21-01-2014,22.52104377746582,22.72727394104004,37900051,22.811447143554688,22.790403366088867,21.996437072753906
22-01-2014,22.634679794311523,22.65993309020996,84250346,22.941919326782227,22.899831771850586,22.102054595947266
23-01-2014,22.72727394104004,23.4511775970459,147062045,23.526935577392578,23.122896194458008,22.317346572875977
24-01-2014,22.668350219726562,22.95875358581543,58213663,23.127103805541992,22.882997512817383,22.08580780029297
27-01-2014,22.209596633911133,22.643098831176758,53315302,22.857744216918945,22.255891799926758,21.480548858642578
28-01-2014,22.247474670410156,22.344276428222656,30691980,22.567340850830078,22.373737335205078,21.594287872314453
29-01-2014,21.906566619873047,22.226430892944336,39362954,22.285354614257812,21.96548843383789,21.200265884399414
30-01-2014,22.070707321166992,22.142255783081055,39527611,22.453704833984375,22.38215446472168,21.6024112701416
31-01-2014,22.01178550720215,22.133838653564453,29364509,22.567340850830078,22.39057159423828,21.61053466796875
03-02-2014,21.93181800842285,22.365320205688477,40047480,22.449495315551758,22.049663543701172,21.281505584716797
04-02-2014,22.087541580200195,22.121212005615234,26067334,22.365320205688477,22.268518447875977,21.492738723754883
05-02-2014,21.90235710144043,22.00757598876953,39837917,22.744108200073242,22.525253295898438,21.740530014038086
06-02-2014,22.525253295898438,22.58417510986328,35941514,22.950336456298828,22.882997512817383,22.08580780029297
07-02-2014,22.65993309020996,22.916667938232422,23157446,23.038721084594727,22.975589752197266,22.1751766204834
10-02-2014,22.48737335205078,22.92508316040039,22988513,22.929292678833008,22.634679794311523,21.846141815185547
11-02-2014,22.495790481567383,22.748315811157227,27745502,22.908248901367188,22.857744216918945,22.06143569946289
12-02-2014,22.794612884521484,22.84090805053711,27262462,23.106061935424805,23.07659912109375,22.27266502380371
13-02-2014,22.773569107055664,22.929292678833008,27998309,23.127103805541992,23.114477157592773,22.309223175048828
14-02-2014,22.752525329589844,22.7988224029541,22983998,23.11868667602539,23.051347732543945,22.248292922973633
18-02-2014,22.941919326782227,23.08501625061035,23319965,23.371212005615234,23.211278915405273,22.402650833129883
19-02-2014,22.99242401123047,23.287036895751953,22909630,23.358585357666016,23.038721084594727,22.236106872558594
20-02-2014,23.03451156616211,23.04292869567871,18963094,23.27861976623535,23.13131332397461,22.32547378540039
21-02-2014,22.97138023376465,23.21548843383789,24664781,23.362794876098633,22.975589752197266,22.1751766204834
24-02-2014,23.09764289855957,23.190235137939453,45039456,23.876262664794922,23.69528579711914,22.869800567626953
25-02-2014,23.400672912597656,23.68686866760254,24228547,23.775253295898438,23.63215446472168,22.808866500854492
26-02-2014,23.6447811126709,23.66582489013672,43854070,24.32659912109375,24.132997512817383,23.29226303100586
27-02-2014,24.040403366088867,24.116161346435547,51805591,24.94528579711914,24.553871154785156,23.698474884033203
28-02-2014,24.558080673217773,24.60437774658203,38877062,25.126262664794922,24.734848022460938,23.873146057128906
03-03-2014,24.179292678833008,24.36026954650879,24922814,24.650672912597656,24.54124641418457,23.686288833618164
04-03-2014,24.726430892944336,24.81902313232422,23654506,24.94528579711914,24.856901168823242,23.99094581604004
05-03-2014,24.747474670410156,24.844276428222656,22712422,25.1052188873291,24.77272605895996,23.909700393676758
06-03-2014,24.77272605895996,24.82744026184082,28577815,25.1052188873291,24.95791244506836,24.088438034057617
07-03-2014,24.675926208496094,25.016834259033203,21609007,25.06313133239746,24.856901168823242,23.99094581604004
10-03-2014,24.42340087890625,24.65909194946289,23187622,24.785354614257812,24.503366470336914,23.64972686767578
11-03-2014,24.191919326782227,24.600168228149414,24329052,24.806396484375,24.217172622680664,23.373506546020508
12-03-2014,23.97727394104004,24.065656661987305,21310344,24.43602752685547,24.40235710144043,23.55223846435547
13-03-2014,23.76262664794922,24.537036895751953,29256638,24.654882431030273,23.863636016845703,23.032283782958984
14-03-2014,23.7415828704834,23.8468017578125,20240431,24.116161346435547,23.880470275878906,23.048532485961914
17-03-2014,24.015151977539062,24.36868667602539,20005920,24.36868667602539,24.166667938232422,23.324758529663086
18-03-2014,24.103534698486328,24.26346778869629,14870434,24.43602752685547,24.343433380126953,23.49536895751953
19-03-2014,23.97727394104004,24.255050659179688,16741534,24.482322692871094,24.116161346435547,23.27601432800293
20-03-2014,23.8383846282959,24.074073791503906,17830692,24.141414642333984,24.040403366088867,23.20289421081543
21-03-2014,23.897306442260742,24.107744216918945,27914436,24.30555534362793,23.973064422607422,23.137901306152344
24-03-2014,23.6447811126709,23.994108200073242,20950618,24.204544067382812,23.796295166015625,22.967288970947266
25-03-2014,23.459596633911133,23.926767349243164,19261994,24.010942459106445,23.70791244506836,22.881986618041992
26-03-2014,23.34596061706543,23.914140701293945,17995111,23.92255973815918,23.400672912597656,22.58544921875
27-03-2014,22.824073791503906,23.341751098632812,22394513,23.468013763427734,23.223905563354492,22.414838790893555
28-03-2014,23.038721084594727,23.337541580200195,21085574,23.41750717163086,23.228113174438477,22.418899536132812
31-03-2014,23.23653221130371,23.434343338012695,16863660,23.636363983154297,23.24915885925293,22.4392147064209
01-04-2014,23.31229019165039,23.396465301513672,18877558,23.6531982421875,23.585859298706055,22.764184951782227
02-04-2014,23.27020263671875,23.63215446472168,22478861,23.67424201965332,23.337541580200195,22.524520874023438
03-04-2014,22.849327087402344,23.16077423095703,26900597,23.244949340820312,22.97138023376465,22.171113967895508
04-04-2014,22.67255973815918,23.219697952270508,37918584,23.358585357666016,22.72727394104004,21.935508728027344
07-04-2014,22.247474670410156,22.744108200073242,39933907,22.781986236572266,22.285354614257812,21.50898551940918
08-04-2014,22.470539093017578,22.634679794311523,44693273,23.15235710144043,23.06397247314453,22.260478973388672
09-04-2014,23.08922576904297,23.114477157592773,25880580,23.552188873291016,23.52272605895996,22.703250885009766
10-04-2014,22.689393997192383,23.156566619873047,69581873,23.253366470336914,22.760942459106445,21.96800422668457
11-04-2014,22.449495315551758,22.68097686767578,30253608,22.92508316040039,22.5,21.716157913208008
14-04-2014,22.432659149169922,22.622053146362305,28534572,22.75673484802246,22.718854904174805,21.927387237548828
15-04-2014,22.27272605895996,22.668350219726562,25421299,22.828283309936523,22.685184478759766,21.89488983154297
16-04-2014,22.693603515625,22.815656661987305,17212457,23.093433380126953,23.017677307128906,22.215795516967773
17-04-2014,22.92508316040039,22.929292678833008,17853502,23.219697952270508,23.135522842407227,22.32953643798828
21-04-2014,22.861953735351562,23.13131332397461,14216321,23.148147583007812,23.11868667602539,22.31328582763672
22-04-2014,22.962963104248047,23.09764289855957,17725198,23.40909194946289,23.34596061706543,22.53264617919922
23-04-2014,22.996633529663086,23.37542152404785,15708924,23.388046264648438,23.122896194458008,22.317346572875977
24-04-2014,22.916667938232422,23.350168228149414,18273816,23.400672912597656,23.080808639526367,22.27672576904297
25-04-2014,22.495790481567383,22.97138023376465,22901551,23.059764862060547,22.60942840576172,21.821773529052734
28-04-2014,22.285354614257812,22.77777862548828,23105650,22.77777862548828,22.57575798034668,21.78927230834961
29-04-2014,22.470539093017578,22.689393997192383,33047309,23.005050659179688,22.954544067382812,22.154861450195312
30-04-2014,21.414140701293945,21.864477157592773,77257778,22.053871154785156,21.81397247314453,21.054027557373047
01-05-2014,21.746633529663086,21.893938064575195,30397356,22.2011775970459,21.755050659179688,20.997156143188477
02-05-2014,21.759258270263672,21.771886825561523,29012386,22.108585357666016,21.88973045349121,21.12714385986328
05-05-2014,21.704544067382812,21.801347732543945,25890322,22.032827377319336,21.885522842407227,21.123083114624023
06-05-2014,21.418350219726562,21.91498374938965,34788679,21.91498374938965,21.443603515625,20.696557998657227
07-05-2014,20.946969985961914,21.38888931274414,47140078,21.481481552124023,21.28367042541504,20.542200088500977
08-05-2014,21.052188873291016,21.308923721313477,30990643,21.553030014038086,21.1531982421875,20.416271209716797
09-05-2014,21.17424201965332,21.254209518432617,33712114,21.40993309020996,21.27104377746582,20.530012130737305
12-05-2014,21.342592239379883,21.43097686767578,30338431,21.62457847595215,21.603534698486328,20.850919723510742
13-05-2014,21.574073791503906,21.637205123901367,30034066,21.788721084594727,21.70875358581543,20.952472686767578
14-05-2014,21.712963104248047,21.797138214111328,26478619,21.919191360473633,21.73821449279785,20.980907440185547
15-05-2014,21.317340850830078,21.5488224029541,29826403,21.662458419799805,21.616161346435547,20.86310386657715
16-05-2014,21.456228256225586,21.73821449279785,43925350,22.087541580200195,21.864477157592773,21.102767944335938
19-05-2014,21.734006881713867,21.780302047729492,19408356,22.079124450683594,22.024410247802734,21.257131576538086
20-05-2014,21.734006881713867,21.96548843383789,15055524,21.978113174438477,21.86868667602539,21.106830596923828
21-05-2014,21.170034408569336,21.405723571777344,41386831,21.83501625061035,21.83501625061035,21.074338912963867
22-05-2014,21.544612884521484,21.88131332397461,30112949,21.91077423095703,21.67508316040039,20.91997528076172
23-05-2014,21.679292678833008,21.76346778869629,16926149,21.90235710144043,21.893938064575195,21.13120460510254
27-05-2014,21.759258270263672,22.015993118286133,24552634,22.02020263671875,21.788721084594727,21.02965545654297
28-05-2014,21.170034408569336,21.776094436645508,44714182,21.797138214111328,21.20791244506836,20.469078063964844
29-05-2014,21.026935577392578,21.31313133239746,39823661,21.376262664794922,21.102693557739258,20.36752700805664
30-05-2014,20.963804244995117,21.18686866760254,36648137,21.376262664794922,21.351009368896484,20.607192993164062
02-06-2014,21.182659149169922,21.329965591430664,18226058,21.439393997192383,21.25,20.509700775146484
03-06-2014,21.157407760620117,21.233165740966797,20477081,21.43097686767578,21.220539093017578,20.481264114379883
04-06-2014,21.010101318359375,21.20791244506836,15731258,21.35942840576172,21.233165740966797,20.493453979492188
05-06-2014,21.07744026184082,21.321548461914062,28573301,21.321548461914062,21.287879943847656,20.546262741088867
06-06-2014,20.833332061767578,21.414140701293945,50884891,21.414140701293945,20.91750717163086,20.188793182373047
09-06-2014,20.412458419799805,20.669191360473633,52664278,20.93013572692871,20.867002487182617,20.14004898071289
10-06-2014,20.273569107055664,20.475589752197266,85512953,20.54292869567871,20.307239532470703,19.599782943725586
11-06-2014,20.260942459106445,20.328283309936523,36385351,20.580808639526367,20.551347732543945,19.835390090942383
12-06-2014,20.412458419799805,20.56818199157715,32305284,20.67340087890625,20.43770980834961,19.7257080078125
13-06-2014,20.45875358581543,20.530302047729492,21555072,20.73653221130371,20.63973045349121,19.920692443847656
16-06-2014,20.51346778869629,20.58922576904297,18313733,20.69444465637207,20.622896194458008,19.904443740844727
17-06-2014,20.530302047729492,20.580808639526367,20513671,20.71548843383789,20.648147583007812,19.928813934326172
18-06-2014,20.56397247314453,20.702861785888672,21913135,20.934343338012695,20.900672912597656,20.172542572021484
19-06-2014,20.833332061767578,20.91750717163086,28325959,20.959596633911133,20.87542152404785,20.14817237854004
20-06-2014,20.601852416992188,20.934343338012695,44126122,20.938552856445312,20.765993118286133,20.042558670043945
23-06-2014,20.580808639526367,20.820707321166992,22389523,20.900672912597656,20.787036895751953,20.062868118286133
24-06-2014,20.521886825561523,20.787036895751953,27576806,20.829124450683594,20.559764862060547,19.8435115814209
25-06-2014,20.484006881713867,20.538721084594727,21245479,20.833332061767578,20.75757598876953,20.03443145751953
26-06-2014,20.635522842407227,20.833332061767578,19189051,20.904882431030273,20.820707321166992,20.095361709594727
27-06-2014,20.803871154785156,20.867002487182617,26240782,21.119529724121094,21.07744026184082,20.343154907226562
30-06-2014,20.959596633911133,21.123737335205078,25195342,21.123737335205078,21.06902313232422,20.33502960205078
01-07-2014,21.073232650756836,21.123737335205078,20921155,21.32575798034668,21.254209518432617,20.513763427734375
02-07-2014,21.254209518432617,21.2584171295166,22204433,21.380470275878906,21.275253295898438,20.534072875976562
03-07-2014,21.30471420288086,21.447811126708984,10958112,21.498315811157227,21.439393997192383,20.69249725341797
07-07-2014,21.300504684448242,21.435184478759766,17153057,21.456228256225586,21.3552188873291,20.611255645751953
08-07-2014,21.0479793548584,21.300504684448242,31059072,21.36784553527832,21.119529724121094,20.383777618408203
09-07-2014,21.0479793548584,21.170034408569336,20019226,21.435184478759766,21.435184478759766,20.688432693481445
10-07-2014,20.934343338012695,21.136363983154297,19784952,21.27104377746582,21.18686866760254,20.44877052307129
11-07-2014,21.464645385742188,21.464645385742188,33009530,21.81397247314453,21.67508316040039,20.91997528076172
14-07-2014,21.32575798034668,21.56986427307129,22340340,21.595117568969727,21.531986236572266,20.781862258911133
15-07-2014,21.266834259033203,21.65403938293457,22408294,21.670875549316406,21.38888931274414,20.643754959106445
16-07-2014,21.254209518432617,21.47727394104004,32719183,21.540403366088867,21.3383846282959,20.59500503540039
17-07-2014,21.393098831176758,21.50673484802246,51575119,21.81818199157715,21.47727394104004,20.729061126708984
18-07-2014,21.287879943847656,21.435184478759766,30766111,21.734006881713867,21.666667938232422,20.911849975585938
21-07-2014,21.481481552124023,21.578283309936523,23575860,21.82659912109375,21.759258270263672,21.001218795776367
22-07-2014,21.76346778869629,21.830808639526367,24766236,22.00757598876953,21.906566619873047,21.143396377563477
23-07-2014,21.830808639526367,21.885522842407227,32981256,22.188552856445312,22.163299560546875,21.391185760498047
24-07-2014,22.10437774658203,22.10437774658203,38628058,22.516834259033203,22.4031982421875,21.622724533081055
25-07-2014,22.112794876098633,22.213804244995117,26731901,22.348485946655273,22.2011775970459,21.4277400970459
28-07-2014,21.982322692871094,22.268518447875977,22340815,22.344276428222656,22.276935577392578,21.5008602142334
29-07-2014,22.2011775970459,22.348485946655273,28548353,22.46632957458496,22.3947811126709,21.614599227905273
30-07-2014,22.205387115478516,22.42424201965332,21626114,22.550504684448242,22.4031982421875,21.622724533081055
31-07-2014,22.163299560546875,22.281145095825195,27357739,22.331649780273438,22.234848022460938,21.460241317749023
01-08-2014,21.94444465637207,22.213804244995117,30517819,22.268518447875977,22.108585357666016,21.338375091552734
04-08-2014,21.98653221130371,22.058080673217773,28510337,22.36111068725586,22.331649780273438,21.553668975830078
05-08-2014,22.230640411376953,22.310606002807617,26129110,22.441076278686523,22.41582489013672,21.634910583496094
06-08-2014,22.22222137451172,22.289562225341797,24258485,22.5968017578125,22.5,21.716157913208008
07-08-2014,22.483165740966797,22.592592239379883,23877850,22.83249282836914,22.54208755493164,21.756772994995117
08-08-2014,22.369529724121094,22.550504684448242,24536477,22.7988224029541,22.765151977539062,21.972068786621094
11-08-2014,22.613636016845703,22.824073791503906,18840254,22.912458419799805,22.676767349243164,21.886762619018555
12-08-2014,22.38215446472168,22.67255973815918,18340344,22.697811126708984,22.48737335205078,21.703969955444336
13-08-2014,22.09596061706543,22.205387115478516,29403475,22.369529724121094,22.281145095825195,21.50492286682129
14-08-2014,22.226430892944336,22.255891799926758,23595818,22.373737335205078,22.276935577392578,21.5008602142334
15-08-2014,22.129629135131836,22.46632957458496,32287226,22.46632957458496,22.154882431030273,21.383060455322266
18-08-2014,22.226430892944336,22.331649780273438,21068942,22.377946853637695,22.352693557739258,21.5739803314209
19-08-2014,22.365320205688477,22.42424201965332,19277438,22.626262664794922,22.622053146362305,21.833953857421875
20-08-2014,22.42424201965332,22.52104377746582,17847562,22.5883846282959,22.474746704101562,21.69178009033203
21-08-2014,22.516834259033203,22.525253295898438,119831422,24.010942459106445,23.52272605895996,22.703250885009766
22-08-2014,23.240741729736328,23.442760467529297,27889963,23.560606002807617,23.358585357666016,22.544830322265625
25-08-2014,23.308080673217773,23.404882431030273,15999271,23.619529724121094,23.35437774658203,22.540767669677734
26-08-2014,23.320707321166992,23.358585357666016,21370932,23.779460906982422,23.67424201965332,22.8494873046875
27-08-2014,23.476430892944336,23.68686866760254,18002714,23.86784553527832,23.535354614257812,22.71544075012207
28-08-2014,23.16077423095703,23.510101318359375,22816490,23.510101318359375,23.329124450683594,22.51639747619629
29-08-2014,23.122896194458008,23.468013763427734,20572596,23.468013763427734,23.358585357666016,22.544830322265625
02-09-2014,23.017677307128906,23.350168228149414,26560116,23.396465301513672,23.09764289855957,22.2929744720459
03-09-2014,22.87457847595215,23.20707130432129,19286705,23.27861976623535,22.95875358581543,22.15892219543457
04-09-2014,22.723064422607422,23.059764862060547,31086396,23.337541580200195,22.912458419799805,22.11424446105957
05-09-2014,22.432659149169922,22.853534698486328,38499991,22.899831771850586,22.685184478759766,21.89488983154297
08-09-2014,22.504209518432617,22.634679794311523,21543667,22.845117568969727,22.824073791503906,22.0289363861084
09-09-2014,22.066497802734375,22.878787994384766,48061015,23.148147583007812,22.192760467529297,21.41961669921875
10-09-2014,21.27104377746582,21.666667938232422,73656950,21.696128845214844,21.50673484802246,20.757490158081055
11-09-2014,21.2584171295166,21.372053146362305,40316443,21.58249282836914,21.329965591430664,20.586877822875977
12-09-2014,21.060606002807617,21.296295166015625,100640232,22.335859298706055,21.96548843383789,21.200265884399414
15-09-2014,21.363636016845703,21.978113174438477,30329165,22.00757598876953,21.447811126708984,20.700620651245117
16-09-2014,21.279460906982422,21.4520206451416,32418382,21.83501625061035,21.72138023376465,20.964658737182617
17-09-2014,21.632997512817383,21.767677307128906,27247968,21.94444465637207,21.864477157592773,21.102767944335938
18-09-2014,21.788721084594727,21.885522842407227,29439115,22.192760467529297,22.18013572692871,21.407432556152344
19-09-2014,22.024410247802734,22.251684188842773,48506990,22.331649780273438,22.053871154785156,21.285564422607422
22-09-2014,21.81397247314453,21.99915885925293,22575326,22.09596061706543,22.083332061767578,21.314001083374023
23-09-2014,21.95707130432129,22.01178550720215,26688420,22.323232650756836,22.196969985961914,21.42367935180664
24-09-2014,22.150672912597656,22.22222137451172,20828254,22.386363983154297,22.276935577392578,21.5008602142334
25-09-2014,21.893938064575195,22.196969985961914,17862530,22.276935577392578,21.948652267456055,21.18401336669922
26-09-2014,21.864477157592773,21.885522842407227,17984419,22.365320205688477,22.276935577392578,21.5008602142334
29-09-2014,22.01178550720215,22.100168228149414,16623209,22.310606002807617,22.163299560546875,21.391185760498047
30-09-2014,23.5479793548584,23.829965591430664,183556692,24.116161346435547,23.83417510986328,23.00385093688965
01-10-2014,23.13973045349121,23.211278915405273,57718505,23.602693557739258,23.341751098632812,22.528581619262695
02-10-2014,22.882997512817383,23.244949340820312,29751322,23.40909194946289,23.08922576904297,22.28485107421875
03-10-2014,22.794612884521484,23.17340087890625,22737132,23.228113174438477,22.912458419799805,22.11424446105957
06-10-2014,22.5084171295166,22.929292678833008,22155962,22.95875358581543,22.537879943847656,21.752710342407227
07-10-2014,22.281145095825195,22.398990631103516,22865674,22.592592239379883,22.293771743774414,21.517112731933594
08-10-2014,22.398990631103516,22.42424201965332,36490846,23.009258270263672,22.941919326782227,22.142677307128906
09-10-2014,22.22222137451172,22.7988224029541,21267576,22.81986427307129,22.247474670410156,21.47242546081543
10-10-2014,21.81397247314453,22.22222137451172,21689791,22.239057540893555,21.82659912109375,21.066211700439453
13-10-2014,21.19528579711914,21.700336456298828,22937666,21.856061935424805,21.23737335205078,20.497514724731445
14-10-2014,21.19528579711914,21.439393997192383,29493763,21.67508316040039,21.29208755493164,20.550323486328125
15-10-2014,20.58922576904297,21.06902313232422,39921314,21.178451538085938,21.1447811126709,20.40814781188965
16-10-2014,19.503366470336914,20.408248901367188,90622541,20.49242401123047,20.151514053344727,19.449481964111328
17-10-2014,20.168350219726562,20.303030014038086,33126905,20.446128845214844,20.18097686767578,19.477920532226562
20-10-2014,20.164140701293945,20.218854904174805,29693822,20.774410247802734,20.70707130432129,19.985687255859375
21-10-2014,20.841751098632812,20.896465301513672,33168247,21.4520206451416,21.405723571777344,20.65999984741211
22-10-2014,21.031145095825195,21.5488224029541,32218560,21.72138023376465,21.098485946655273,20.36346435546875
23-10-2014,21.19528579711914,21.300504684448242,25652959,21.494108200073242,21.376262664794922,20.631561279296875
24-10-2014,21.28367042541504,21.376262664794922,15176225,21.58249282836914,21.515151977539062,20.76561737060547
27-10-2014,21.4520206451416,21.50673484802246,16534584,21.670875549316406,21.544612884521484,20.794050216674805
28-10-2014,21.464645385742188,21.611953735351562,19258668,21.611953735351562,21.5488224029541,20.798110961914062
29-10-2014,21.3552188873291,21.376262664794922,17399210,21.637205123901367,21.603534698486328,20.850919723510742
30-10-2014,21.43097686767578,21.485689163208008,16449523,21.885522842407227,21.696128845214844,20.94028663635254
31-10-2014,21.877103805541992,22.171716690063477,19716761,22.192760467529297,22.09596061706543,21.326190948486328
03-11-2014,22.00757598876953,22.02020263671875,16598498,22.285354614257812,22.18013572692871,21.407432556152344
04-11-2014,22.037036895751953,22.121212005615234,18361490,22.44528579711914,22.420034408569336,21.638975143432617
05-11-2014,22.441076278686523,22.504209518432617,25570037,22.622053146362305,22.55471420288086,21.76896095275879
06-11-2014,22.302188873291016,22.567340850830078,14002718,22.579965591430664,22.41582489013672,21.634910583496094
07-11-2014,22.352693557739258,22.453704833984375,12866278,22.613636016845703,22.525253295898438,21.740530014038086
10-11-2014,22.41582489013672,22.504209518432617,12553358,22.7020206451416,22.68097686767578,21.890827178955078
11-11-2014,22.5084171295166,22.7988224029541,16906666,22.878787994384766,22.807239532470703,22.012691497802734
12-11-2014,22.432659149169922,22.647306442260742,14395946,22.87457847595215,22.752525329589844,21.959882736206055
13-11-2014,22.697811126708984,22.752525329589844,18563450,22.98821449279785,22.882997512817383,22.08580780029297
14-11-2014,22.752525329589844,22.84090805053711,11814898,22.984006881713867,22.878787994384766,22.081745147705078
17-11-2014,22.882997512817383,22.882997512817383,18473400,23.190235137939453,23.07659912109375,22.27266502380371
18-11-2014,23.021886825561523,23.06818199157715,16551691,23.425926208496094,23.308080673217773,22.496082305908203
19-11-2014,22.836700439453125,23.287036895751953,15970284,23.287036895751953,23.122896194458008,22.317346572875977
20-11-2014,22.861953735351562,22.941919326782227,13196779,23.030302047729492,22.954544067382812,22.154861450195312
21-11-2014,22.824073791503906,23.04292869567871,20053678,23.08501625061035,22.90403938293457,22.106115341186523
24-11-2014,22.824073791503906,23.01346778869629,14415430,23.021886825561523,22.891414642333984,22.093929290771484
25-11-2014,22.824073791503906,22.824073791503906,15779966,23.017677307128906,22.89562225341797,22.097991943359375
26-11-2014,22.853534698486328,22.962963104248047,9479052,23.01346778869629,22.967172622680664,22.16705322265625
28-11-2014,22.97138023376465,23.106061935424805,7055770,23.232322692871094,23.09764289855957,22.2929744720459
01-12-2014,22.90403938293457,23.047138214111328,16256592,23.198652267456055,23.093433380126953,22.28891372680664
02-12-2014,22.95875358581543,23.08922576904297,14228201,23.316497802734375,23.156566619873047,22.34984588623047
03-12-2014,22.93770980834961,23.16077423095703,12798324,23.16077423095703,23.06818199157715,22.26453971862793
04-12-2014,22.916667938232422,22.99242401123047,13416322,23.04292869567871,23.009258270263672,22.207672119140625
05-12-2014,22.941919326782227,23.101852416992188,13280890,23.101852416992188,23.06818199157715,22.26453971862793
08-12-2014,23.047138214111328,23.295455932617188,31430916,23.41750717163086,23.211278915405273,22.402650833129883
09-12-2014,22.962963104248047,22.975589752197266,26249810,23.362794876098633,23.316497802734375,22.50420570373535
10-12-2014,23.106061935424805,23.156566619873047,39024850,23.396465301513672,23.26178550720215,22.451400756835938
11-12-2014,23.27861976623535,23.320707321166992,56376302,24.255050659179688,23.901514053344727,23.0688419342041
12-12-2014,23.468013763427734,23.64057159423828,22610016,23.897306442260742,23.47222137451172,22.654504776000977
15-12-2014,23.253366470336914,23.510101318359375,17738028,23.863636016845703,23.333332061767578,22.52045440673828
16-12-2014,23.211278915405273,23.308080673217773,36090727,23.893098831176758,23.543771743774414,22.723562240600586
17-12-2014,23.43013572692871,23.552188873291016,25013815,23.766834259033203,23.7415828704834,22.91448402404785
18-12-2014,23.939393997192383,23.994108200073242,21470962,24.212963104248047,24.212963104248047,23.36944007873535
19-12-2014,23.973064422607422,24.200336456298828,37502784,24.280302047729492,24.0488224029541,23.211021423339844
22-12-2014,24.015151977539062,24.18770980834961,31965041,24.385522842407227,24.128787994384766,23.288196563720703
23-12-2014,24.078283309936523,24.297138214111328,13514926,24.301347732543945,24.086700439453125,23.247577667236328
24-12-2014,24.02777862548828,24.170875549316406,4185086,24.183502197265625,24.031986236572266,23.19476890563965
26-12-2014,23.964645385742188,24.132997512817383,6807002,24.132997512817383,24.00673484802246,23.170400619506836
29-12-2014,23.914140701293945,24.0488224029541,8495150,24.17508316040039,24.002525329589844,23.16633415222168
30-12-2014,23.92255973815918,23.93097686767578,10450836,24.196128845214844,24.08249282836914,23.243513107299805
31-12-2014,23.602693557739258,24.015151977539062,14060455,24.095117568969727,23.619529724121094,22.796682357788086
02-01-2015,23.455387115478516,23.72895622253418,14021251,23.92255973815918,23.657407760620117,22.833240509033203
05-01-2015,23.274410247802734,23.505891799926758,17694072,23.670034408569336,23.459596633911133,22.64232063293457
06-01-2015,23.017677307128906,23.484848022460938,22926737,23.484848022460938,23.156566619873047,22.34984588623047
07-01-2015,22.912458419799805,23.223905563354492,21981564,23.350168228149414,23.11868667602539,22.31328582763672
08-01-2015,23.274410247802734,23.27861976623535,24326438,23.745790481567383,23.7415828704834,22.91448402404785
09-01-2015,23.358585357666016,23.703704833984375,16652909,23.75,23.413299560546875,22.597639083862305
12-01-2015,23.135522842407227,23.425926208496094,10791792,23.505891799926758,23.232322692871094,22.42296600341797
13-01-2015,23.114477157592773,23.49326515197754,15368918,23.73737335205078,23.202861785888672,22.39453125
14-01-2015,22.525253295898438,22.882997512817383,23952218,23.03451156616211,22.739898681640625,21.947694778442383
15-01-2015,22.285354614257812,22.7988224029541,27809654,22.857744216918945,22.314815521240234,21.537418365478516
16-01-2015,22.205387115478516,22.276935577392578,23340874,22.706228256225586,22.58417510986328,21.79739761352539
20-01-2015,22.27272605895996,22.685184478759766,19813226,22.75673484802246,22.592592239379883,21.80552101135254
21-01-2015,22.369529724121094,22.47895622253418,37994141,22.718854904174805,22.46632957458496,21.683658599853516
22-01-2015,23.143938064575195,23.223905563354492,71026481,24.086700439453125,24.053030014038086,23.215084075927734
23-01-2015,23.703704833984375,23.985689163208008,31813927,24.107744216918945,23.88888931274414,23.056659698486328
26-01-2015,23.497474670410156,23.724746704101562,24451416,23.960437774658203,23.594276428222656,22.772308349609375
27-01-2015,23.009258270263672,23.367002487182617,22637102,23.468013763427734,23.017677307128906,22.215795516967773
28-01-2015,22.63888931274414,23.169191360473633,20416730,23.265993118286133,22.65993309020996,21.870515823364258
29-01-2015,22.449495315551758,22.622053146362305,15084749,22.752525329589844,22.710437774658203,21.919260025024414
30-01-2015,22.289562225341797,22.664140701293945,24970097,22.752525329589844,22.306396484375,21.529293060302734
02-02-2015,22.112794876098633,22.352693557739258,18524959,22.689393997192383,22.6052188873291,21.817707061767578
03-02-2015,22.68097686767578,22.689393997192383,17583826,22.93770980834961,22.83249282836914,22.03706169128418
04-02-2015,22.52104377746582,22.765151977539062,16251602,22.887205123901367,22.6052188873291,21.817707061767578
05-02-2015,22.6052188873291,22.664140701293945,14671800,22.941919326782227,22.849327087402344,22.053308486938477
06-02-2015,22.752525329589844,22.811447143554688,19006574,23.106061935424805,22.93770980834961,22.13861656188965
09-02-2015,22.731481552124023,22.731481552124023,10209910,23.07659912109375,22.866161346435547,22.069557189941406
10-02-2015,22.676767349243164,22.912458419799805,25966116,23.388046264648438,23.26178550720215,22.451400756835938
11-02-2015,23.00084114074707,23.32491683959961,14791550,23.337541580200195,23.20707130432129,22.398591995239258
12-02-2015,23.017677307128906,23.41750717163086,21275892,23.421716690063477,23.038721084594727,22.236106872558594
13-02-2015,23.148147583007812,23.156566619873047,24438110,23.82575798034668,23.766834259033203,22.93885612487793
17-02-2015,23.489057540893555,23.64057159423828,17697398,23.76262664794922,23.745790481567383,22.918540954589844
18-02-2015,23.699495315551758,23.733165740966797,14064732,23.985689163208008,23.947811126708984,23.113527297973633
19-02-2015,23.75,23.97727394104004,18514267,24.28451156616211,24.26346778869629,23.41818618774414
20-02-2015,24.099327087402344,24.271886825561523,16655047,24.43181800842285,24.419191360473633,23.5684814453125
23-02-2015,24.301347732543945,24.343433380126953,19293833,24.663299560546875,24.440235137939453,23.588794708251953
24-02-2015,24.356061935424805,24.440235137939453,11979317,24.638046264648438,24.579124450683594,23.72284507751465
25-02-2015,24.398147583007812,24.638046264648438,18242215,24.663299560546875,24.558080673217773,23.70253562927246
26-02-2015,24.49915885925293,24.50757598876953,13568861,24.77272605895996,24.638046264648438,23.779714584350586
27-02-2015,24.301347732543945,24.696969985961914,14896332,24.705387115478516,24.372896194458008,23.523801803588867
02-03-2015,24.22138023376465,24.22138023376465,15422141,24.688552856445312,24.570707321166992,23.7147216796875
03-03-2015,24.41498374938965,24.56229019165039,11651666,24.675926208496094,24.52020263671875,23.665977478027344
04-03-2015,24.246633529663086,24.351852416992188,13759416,24.747474670410156,24.54124641418457,23.686288833618164
05-03-2015,24.52861976623535,24.52861976623535,16353770,24.953704833984375,24.865320205688477,23.999073028564453
06-03-2015,24.84006690979004,24.873737335205078,32800205,25.450336456298828,25.197811126708984,24.319978713989258
09-03-2015,25.13888931274414,25.197811126708984,32726549,25.643938064575195,25.593433380126953,24.701820373535156
10-03-2015,24.86111068725586,25.273569107055664,37409170,25.462963104248047,24.920034408569336,24.0518798828125
11-03-2015,24.96632957458496,24.970539093017578,25660562,25.336700439453125,25.11784553527832,24.242799758911133
12-03-2015,24.869529724121094,25.27777862548828,17642038,25.315656661987305,25.004209518432617,24.133119583129883
13-03-2015,24.671716690063477,25.269359588623047,18691992,25.269359588623047,24.86111068725586,23.99500846862793
16-03-2015,24.88215446472168,25.050504684448242,15026299,25.244108200073242,25.071548461914062,24.198118209838867
17-03-2015,24.768518447875977,25.06313133239746,16373016,25.206228256225586,25.037879943847656,24.16562271118164
18-03-2015,24.276094436645508,24.983165740966797,37188914,24.983165740966797,24.591751098632812,23.73503303527832
19-03-2015,23.85942840576172,23.90993309020996,32250161,24.553871154785156,24.36026954650879,23.51161766052246
20-03-2015,24.38131332397461,24.49915885925293,51283346,24.654882431030273,24.38131332397461,23.53192710876465
23-03-2015,24.377103805541992,24.377103805541992,17623980,24.92424201965332,24.671716690063477,23.812211990356445
24-03-2015,24.54124641418457,24.549663543701172,29755361,25.265151977539062,25.046295166015625,24.173742294311523
25-03-2015,24.419191360473633,25.092592239379883,25144020,25.092592239379883,24.43602752685547,23.584735870361328
26-03-2015,24.099327087402344,24.225589752197266,15558761,24.482322692871094,24.20875358581543,23.36537742614746
27-03-2015,24.116161346435547,24.137205123901367,14415905,24.393938064575195,24.255050659179688,23.41006088256836
30-03-2015,24.301347732543945,24.30555534362793,11317126,24.579124450683594,24.38131332397461,23.53192710876465
31-03-2015,24.271886825561523,24.28451156616211,11542370,24.57491683959961,24.276094436645508,23.43037223815918
01-04-2015,23.90993309020996,24.128787994384766,11735539,24.297138214111328,24.044612884521484,23.206954956054688
02-04-2015,23.88888931274414,24.010942459106445,8419594,24.095117568969727,23.9520206451416,23.117589950561523
06-04-2015,23.337541580200195,23.358585357666016,14706252,24.057239532470703,23.914140701293945,23.08102798461914
07-04-2015,23.92255973815918,24.031986236572266,16251840,24.372896194458008,24.023569107055664,23.186643600463867
08-04-2015,23.83417510986328,24.06986427307129,16336901,24.246633529663086,24.036195755004883,23.19883155822754
09-04-2015,23.779460906982422,24.036195755004883,11570882,24.179292678833008,23.994108200073242,23.15821075439453
10-04-2015,24.015151977539062,24.166667938232422,12104294,24.280302047729492,24.132997512817383,23.29226303100586
13-04-2015,23.901514053344727,24.057239532470703,16681421,24.50757598876953,23.964645385742188,23.129772186279297
14-04-2015,23.724746704101562,23.901514053344727,12054398,24.036195755004883,23.968854904174805,23.133838653564453
15-04-2015,23.851009368896484,23.981481552124023,12303878,24.116161346435547,23.998315811157227,23.162269592285156
16-04-2015,23.8468017578125,23.985689163208008,10490278,24.15403938293457,24.00673484802246,23.170400619506836
17-04-2015,23.316497802734375,23.70791244506836,21192732,23.775253295898438,23.480640411376953,22.662630081176758
20-04-2015,23.320707321166992,23.564815521240234,20649103,23.7584171295166,23.598485946655273,22.776369094848633
21-04-2015,23.581649780273438,23.775253295898438,17674114,23.8468017578125,23.745790481567383,22.918540954589844
22-04-2015,23.6616153717041,23.72895622253418,26262878,23.968854904174805,23.884679794311523,23.052595138549805
23-04-2015,24.621212005615234,25.004209518432617,37307952,25.189393997192383,24.785354614257812,23.921892166137695
24-04-2015,24.785354614257812,24.873737335205078,20651479,25.244108200073242,24.91582489013672,24.04781723022461
27-04-2015,24.713804244995117,24.852693557739258,16405805,24.949495315551758,24.869529724121094,24.00313377380371
28-04-2015,24.730640411376953,24.814815521240234,22437756,25.311447143554688,25.03367042541504,24.161556243896484
29-04-2015,24.654882431030273,24.877946853637695,17278034,25.101009368896484,24.781145095825195,23.917831420898438
30-04-2015,24.38131332397461,24.650672912597656,14935298,24.831649780273438,24.52020263671875,23.665977478027344
01-05-2015,24.419191360473633,24.52020263671875,16283203,24.970539093017578,24.95791244506836,24.088438034057617
04-05-2015,24.781145095825195,24.89057159423828,9812880,25.03367042541504,24.877946853637695,24.011259078979492
05-05-2015,24.36026954650879,24.734848022460938,18719316,24.84006690979004,24.385522842407227,23.53598976135254
06-05-2015,23.960437774658203,24.330808639526367,16666452,24.461278915405273,24.196128845214844,23.353195190429688
07-05-2015,24.116161346435547,24.196128845214844,15743138,24.503366470336914,24.393938064575195,23.544113159179688
08-05-2015,24.608585357666016,24.675926208496094,11453033,24.81902313232422,24.755891799926758,23.893455505371094
11-05-2015,24.490741729736328,24.768518447875977,10834085,24.907407760620117,24.553871154785156,23.698474884033203
12-05-2015,24.22979736328125,24.343433380126953,10837886,24.65909194946289,24.537036895751953,23.682226181030273
13-05-2015,24.43181800842285,24.638046264648438,15145574,24.995790481567383,24.751684188842773,23.88939094543457
14-05-2015,24.810606002807617,24.928451538085938,14514509,25.303030014038086,25.294612884521484,24.413406372070312
15-05-2015,24.98737335205078,25.315656661987305,14688194,25.601852416992188,25.004209518432617,24.133119583129883
18-05-2015,24.898990631103516,24.92424201965332,9354074,25.113636016845703,25.025253295898438,24.153432846069336
19-05-2015,24.920034408569336,25.1052188873291,6990667,25.13888931274414,24.93686866760254,24.06812858581543
20-05-2015,24.671716690063477,25.029460906982422,11650478,25.08417510986328,24.8947811126709,24.027503967285156
21-05-2015,24.831649780273438,24.831649780273438,12222382,25.22727394104004,25.143098831176758,24.267173767089844
22-05-2015,25.029460906982422,25.13888931274414,10792980,25.324073791503906,25.134679794311523,24.25904655456543
26-05-2015,24.638046264648438,25.265151977539062,14991847,25.273569107055664,24.718013763427734,23.856897354125977
27-05-2015,24.66750717163086,24.77272605895996,10165478,25.101009368896484,24.9915828704834,24.12093734741211
28-05-2015,24.810606002807617,24.928451538085938,21358814,25.643938064575195,25.48821449279785,24.600261688232422
29-05-2015,25.399831771850586,25.526094436645508,34881581,25.942760467529297,25.82491683959961,24.92523765563965
01-06-2015,25.904882431030273,25.904882431030273,33498749,26.52777862548828,26.329965591430664,25.412691116333008
02-06-2015,26.056396484375,26.136363983154297,16855106,26.52777862548828,26.094276428222656,25.18521499633789
03-06-2015,25.888046264648438,26.25,18803902,26.30471420288086,26.098485946655273,25.189273834228516
04-06-2015,25.980640411376953,25.997474670410156,18350561,26.32575798034668,26.300504684448242,25.384254455566406
05-06-2015,26.1616153717041,26.300504684448242,23993798,26.641414642333984,26.611953735351562,25.684860229492188
08-06-2015,25.441919326782227,26.31313133239746,29311999,26.31313133239746,25.61026954650879,24.718069076538086
09-06-2015,25.143098831176758,25.559764862060547,22695077,25.606061935424805,25.42508316040039,24.539335250854492
10-06-2015,25.34090805053711,25.48821449279785,21102206,25.648147583007812,25.450336456298828,24.563705444335938
11-06-2015,25.315656661987305,25.547138214111328,16867462,25.669191360473633,25.441919326782227,24.55558204650879
12-06-2015,25.239898681640625,25.387205123901367,16434317,25.538721084594727,25.260942459106445,24.380910873413086
15-06-2015,24.93686866760254,25.0968017578125,19259143,25.33249282836914,25.252525329589844,24.372785568237305
16-06-2015,25.15993309020996,25.206228256225586,22362199,26.043771743774414,25.47138023376465,24.58401870727539
17-06-2015,25.353534698486328,25.462963104248047,10832659,25.711278915405273,25.484006881713867,24.59620475769043
18-06-2015,25.517677307128906,25.526094436645508,16602775,25.723905563354492,25.54292869567871,24.653074264526367
19-06-2015,25.530302047729492,25.58501625061035,25043278,25.867002487182617,25.744949340820312,24.848058700561523
22-06-2015,25.79124641418457,25.921716690063477,12277505,26.052188873291016,25.989057540893555,25.083660125732422
23-06-2015,25.858585357666016,25.99326515197754,13147121,26.094276428222656,26.064815521240234,25.156780242919922
24-06-2015,25.888046264648438,26.14057159423828,20029680,26.2584171295166,25.93013572692871,25.026792526245117
25-06-2015,25.87542152404785,25.959596633911133,14268830,26.094276428222656,25.925926208496094,25.022727966308594
26-06-2015,25.547138214111328,25.925926208496094,15897103,25.97222137451172,25.690235137939453,24.795249938964844
29-06-2015,24.877946853637695,25.530302047729492,18184954,25.601852416992188,24.98737335205078,24.11687469482422
30-06-2015,25.0,25.273569107055664,20587565,25.505050659179688,25.353534698486328,24.470277786254883
01-07-2015,25.176767349243164,25.669191360473633,19601762,25.669191360473633,25.433502197265625,24.54745864868164
02-07-2015,25.433502197265625,25.69444465637207,39197110,26.191076278686523,26.031145095825195,25.124282836914062
06-07-2015,25.753366470336914,25.867002487182617,38425622,26.25,25.99326515197754,25.087718963623047
07-07-2015,25.71548843383789,26.376262664794922,50104375,26.384679794311523,26.085859298706055,25.177093505859375
08-07-2015,25.61868667602539,25.892255783081055,33981552,25.980640411376953,25.669191360473633,24.774938583374023
09-07-2015,25.90909194946289,26.056396484375,21711888,26.22895622253418,25.997474670410156,25.091785430908203
10-07-2015,25.867002487182617,26.2415828704834,20200990,26.300504684448242,26.25,25.33551597595215
13-07-2015,26.254209518432617,26.27104377746582,35042436,26.830808639526367,26.712963104248047,25.7823486328125
14-07-2015,26.670875549316406,26.67508316040039,26100122,27.058080673217773,26.76346778869629,25.831092834472656
15-07-2015,26.611953735351562,26.822391510009766,30818383,27.024410247802734,26.700336456298828,25.770158767700195
16-07-2015,27.356901168823242,27.483165740966797,73716113,28.07659912109375,27.6052188873291,26.643518447875977
17-07-2015,27.293771743774414,27.794612884521484,62178494,28.08501625061035,27.899831771850586,26.927865982055664
20-07-2015,26.59000015258789,26.889999389648438,37485700,29.350000381469727,28.56999969482422,27.574689865112305
21-07-2015,27.979999542236328,28.149999618530273,44336300,28.989999771118164,28.600000381469727,27.6036434173584
22-07-2015,28.200000762939453,28.229999542236328,33661000,28.809999465942383,28.450000762939453,27.45886993408203
23-07-2015,28.1200008392334,28.25,40433500,28.600000381469727,28.43000030517578,27.43956756591797
24-07-2015,28.18000030517578,28.829999923706055,16134400,28.850000381469727,28.229999542236328,27.246536254882812
27-07-2015,27.81999969482422,28.020000457763672,15915400,28.200000762939453,28.0,27.02454376220703
28-07-2015,27.8799991607666,28.06999969482422,33250000,28.3700008392334,28.329999923706055,27.343050003051758
29-07-2015,28.25,28.389999389648438,13841300,28.8700008392334,28.75,27.7484188079834
30-07-2015,28.09000015258789,28.6299991607666,11812900,28.700000762939453,28.3700008392334,27.381656646728516
31-07-2015,28.059999465942383,28.469999313354492,11863700,28.540000915527344,28.1200008392334,27.140369415283203
03-08-2015,27.84000015258789,28.09000015258789,16138700,28.350000381469727,28.329999923706055,27.343050003051758
04-08-2015,28.030000686645508,28.15999984741211,9727300,28.43000030517578,28.40999984741211,27.420263290405273
05-08-2015,28.43000030517578,28.43000030517578,10476400,28.719999313354492,28.559999465942383,27.565034866333008
06-08-2015,28.100000381469727,28.579999923706055,9167600,28.6299991607666,28.15999984741211,27.178970336914062
07-08-2015,28.09000015258789,28.190000534057617,12679500,28.56999969482422,28.549999237060547,27.55538558959961
10-08-2015,28.600000381469727,28.610000610351562,7176800,28.940000534057617,28.65999984741211,27.661556243896484
11-08-2015,28.06999969482422,28.299999237060547,9935700,28.6200008392334,28.139999389648438,27.15966796875
12-08-2015,27.309999465942383,27.520000457763672,11164100,28.040000915527344,28.010000228881836,27.034196853637695
13-08-2015,27.729999542236328,27.979999542236328,7421900,28.149999618530273,27.989999771118164,27.014896392822266
14-08-2015,27.799999237060547,27.940000534057617,7262800,28.290000915527344,28.260000228881836,27.27548599243164
17-08-2015,27.780000686645508,28.1200008392334,9457900,28.31999969482422,28.290000915527344,27.304445266723633
18-08-2015,27.65999984741211,28.43000030517578,10865000,28.459999084472656,27.770000457763672,26.802560806274414
19-08-2015,27.299999237060547,27.459999084472656,11332900,27.729999542236328,27.43000030517578,26.474403381347656
20-08-2015,26.489999771118164,27.209999084472656,15819500,27.299999237060547,26.520000457763672,25.596105575561523
21-08-2015,25.719999313354492,26.329999923706055,19527700,26.639999389648438,25.770000457763672,24.872236251831055
24-08-2015,23.229999542236328,23.8700008392334,23085800,25.110000610351562,24.93000030517578,24.061494827270508
25-08-2015,25.229999542236328,25.3700008392334,22650400,25.850000381469727,25.229999542236328,24.35104751586914
26-08-2015,25.190000534057617,25.90999984741211,16809000,26.190000534057617,26.170000076293945,25.258302688598633
27-08-2015,26.440000534057617,26.510000228881836,18148500,27.190000534057617,27.100000381469727,26.155900955200195
28-08-2015,26.809999465942383,26.979999542236328,11313400,27.270000457763672,27.25,26.30067253112793
31-08-2015,27.0,27.079999923706055,11635800,27.260000228881836,27.110000610351562,26.165552139282227
01-09-2015,26.299999237060547,26.540000915527344,15491900,27.09000015258789,26.479999542236328,25.5575008392334
02-09-2015,26.40999984741211,26.860000610351562,10907600,26.920000076293945,26.8700008392334,25.933916091918945
03-09-2015,26.93000030517578,27.360000610351562,12281600,27.600000381469727,27.040000915527344,26.09798812866211
04-09-2015,26.290000915527344,26.56999969482422,9066900,26.75,26.479999542236328,25.5575008392334
08-09-2015,26.209999084472656,26.690000534057617,14685900,26.75,26.360000610351562,25.441682815551758
09-09-2015,26.149999618530273,26.90999984741211,10328400,26.90999984741211,26.200000762939453,25.287254333496094
10-09-2015,25.770000457763672,25.770000457763672,12912100,26.239999771118164,26.149999618530273,25.238996505737305
11-09-2015,25.90999984741211,26.1200008392334,6241200,26.329999923706055,26.31999969482422,25.403074264526367
14-09-2015,25.65999984741211,26.219999313354492,9207100,26.219999313354492,25.75,24.852928161621094
15-09-2015,25.40999984741211,25.799999237060547,12316300,26.06999969482422,25.979999542236328,25.074918746948242
16-09-2015,25.90999984741211,26.0,13030700,26.75,26.739999771118164,25.808441162109375
17-09-2015,26.200000762939453,26.700000762939453,14936500,26.770000457763672,26.270000457763672,25.354816436767578
18-09-2015,25.329999923706055,25.969999313354492,23469900,26.200000762939453,26.020000457763672,25.113527297973633
21-09-2015,25.690000534057617,26.260000228881836,9343600,26.5,25.920000076293945,25.017009735107422
22-09-2015,25.399999618530273,25.700000762939453,10875300,25.799999237060547,25.610000610351562,24.71780776977539
23-09-2015,25.459999084472656,25.6200008392334,6766300,25.760000228881836,25.59000015258789,24.698505401611328
24-09-2015,25.09000015258789,25.280000686645508,9734000,25.68000030517578,25.610000610351562,24.71780776977539
25-09-2015,25.18000030517578,25.760000228881836,8717900,25.809999465942383,25.329999923706055,24.44756507873535
28-09-2015,24.100000381469727,25.149999618530273,15787800,25.219999313354492,24.139999389648438,23.29901885986328
29-09-2015,23.760000228881836,24.200000762939453,19652200,24.3799991607666,24.079999923706055,23.241111755371094
30-09-2015,24.030000686645508,24.31999969482422,12862200,24.5,24.440000534057617,23.588571548461914
01-10-2015,24.440000534057617,24.5,16269100,25.010000228881836,24.90999984741211,24.042198181152344
02-10-2015,24.309999465942383,24.510000228881836,13228000,25.549999237060547,25.530000686645508,24.640596389770508
05-10-2015,25.510000228881836,25.59000015258789,11762100,25.8799991607666,25.739999771118164,24.843280792236328
06-10-2015,25.579999923706055,25.68000030517578,8955800,25.84000015258789,25.68000030517578,24.785369873046875
07-10-2015,25.489999771118164,25.90999984741211,11440500,25.93000030517578,25.68000030517578,24.785369873046875
08-10-2015,23.6200008392334,24.940000534057617,48539500,25.079999923706055,24.149999618530273,23.308673858642578
09-10-2015,24.049999237060547,24.209999084472656,17628900,24.420000076293945,24.299999237060547,23.45344352722168
12-10-2015,23.979999542236328,24.040000915527344,9882300,24.6200008392334,24.559999465942383,23.704387664794922
13-10-2015,24.40999984741211,24.530000686645508,11539400,24.899999618530273,24.6200008392334,23.762300491333008
14-10-2015,23.93000030517578,24.790000915527344,14584400,24.799999237060547,24.0,23.16390037536621
15-10-2015,23.959999084472656,24.149999618530273,16102100,24.540000915527344,24.510000228881836,23.6561279296875
16-10-2015,24.399999618530273,24.459999084472656,9143200,24.719999313354492,24.549999237060547,23.694734573364258
19-10-2015,24.260000228881836,24.540000915527344,11451900,24.56999969482422,24.559999465942383,23.704387664794922
20-10-2015,24.25,24.559999465942383,12340100,24.68000030517578,24.420000076293945,23.569265365600586
21-10-2015,24.18000030517578,24.559999465942383,16881400,24.700000762939453,24.209999084472656,23.366580963134766
22-10-2015,26.260000228881836,26.5,44605900,27.65999984741211,27.579999923706055,26.619178771972656
23-10-2015,27.31999969482422,27.729999542236328,21803600,28.56999969482422,28.15999984741211,27.178970336914062
26-10-2015,27.690000534057617,27.739999771118164,13164800,28.229999542236328,28.170000076293945,27.18862533569336
27-10-2015,28.059999465942383,28.209999084472656,10970500,28.440000534057617,28.3700008392334,27.381656646728516
28-10-2015,27.969999313354492,28.469999313354492,11374100,28.469999313354492,28.25,27.26583480834961
29-10-2015,28.020000457763672,28.209999084472656,9022500,28.31999969482422,28.18000030517578,27.19827651977539
30-10-2015,27.809999465942383,28.239999771118164,9792600,28.299999237060547,27.899999618530273,26.92803192138672
02-11-2015,27.719999313354492,27.729999542236328,11305900,28.520000457763672,28.5,27.507129669189453
03-11-2015,28.3700008392334,28.40999984741211,16644100,29.290000915527344,28.899999618530273,27.893192291259766
04-11-2015,28.8799991607666,28.899999618530273,13532800,29.3799991607666,29.299999237060547,28.279254913330078
05-11-2015,28.920000076293945,28.920000076293945,12500400,29.579999923706055,29.299999237060547,28.279254913330078
06-11-2015,28.969999313354492,29.030000686645508,12308400,29.690000534057617,29.399999618530273,28.375774383544922
09-11-2015,28.81999969482422,29.3799991607666,11252000,29.3799991607666,29.18000030517578,28.163440704345703
10-11-2015,28.850000381469727,29.18000030517578,13603100,29.299999237060547,29.139999389648438,28.124832153320312
11-11-2015,28.8799991607666,29.100000381469727,22126500,29.329999923706055,28.950000762939453,27.94145393371582
12-11-2015,28.530000686645508,28.670000076293945,11702700,28.920000076293945,28.559999465942383,27.565034866333008
13-11-2015,28.139999389648438,28.549999237060547,14700800,29.040000915527344,28.190000534057617,27.207927703857422
16-11-2015,27.959999084472656,28.290000915527344,11121400,28.5,28.479999542236328,27.487825393676758
17-11-2015,28.329999923706055,28.5,9095800,28.719999313354492,28.450000762939453,27.45886993408203
18-11-2015,28.190000534057617,28.6200008392334,10796500,28.780000686645508,28.75,27.7484188079834
19-11-2015,28.559999465942383,28.559999465942383,6751300,28.899999618530273,28.770000457763672,27.767723083496094
20-11-2015,28.65999984741211,28.989999771118164,7997200,29.15999984741211,29.059999465942383,28.047616958618164
23-11-2015,28.639999389648438,28.920000076293945,7365400,29.1299991607666,28.84000015258789,27.835283279418945
24-11-2015,28.420000076293945,28.420000076293945,7769400,29.18000030517578,29.0,27.989707946777344
25-11-2015,28.709999084472656,28.780000686645508,6657900,29.040000915527344,29.0,27.989707946777344
27-11-2015,28.790000915527344,29.09000015258789,5317700,29.219999313354492,29.100000381469727,28.086227416992188
30-11-2015,29.040000915527344,29.09000015258789,16687400,29.6299991607666,29.59000015258789,28.559154510498047
01-12-2015,29.020000457763672,29.75,12950700,29.829999923706055,29.049999237060547,28.037965774536133
02-12-2015,28.790000915527344,29.15999984741211,10628400,29.40999984741211,28.969999313354492,27.96075439453125
03-12-2015,28.1200008392334,29.0,13641400,29.0,28.59000015258789,27.593992233276367
04-12-2015,28.59000015258789,28.719999313354492,10055900,29.59000015258789,29.350000381469727,28.327516555786133
07-12-2015,28.81999969482422,29.290000915527344,7037100,29.3700008392334,29.049999237060547,28.037965774536133
08-12-2015,28.5,28.93000030517578,8936400,29.100000381469727,28.790000915527344,27.787025451660156
09-12-2015,28.139999389648438,28.420000076293945,7131700,28.850000381469727,28.34000015258789,27.352703094482422
10-12-2015,28.229999542236328,28.280000686645508,8830800,28.899999618530273,28.56999969482422,27.574689865112305
11-12-2015,27.8700008392334,28.190000534057617,9105200,28.43000030517578,27.969999313354492,26.995588302612305
14-12-2015,27.850000381469727,28.100000381469727,11452800,28.420000076293945,28.040000915527344,27.063154220581055
15-12-2015,28.219999313354492,28.229999542236328,10287100,28.600000381469727,28.309999465942383,27.323745727539062
16-12-2015,28.260000228881836,28.520000457763672,12510200,28.65999984741211,28.56999969482422,27.574689865112305
17-12-2015,28.030000686645508,28.649999618530273,7321700,28.75,28.049999237060547,27.072803497314453
18-12-2015,27.450000762939453,27.84000015258789,20493800,28.06999969482422,27.459999084472656,26.503358840942383
21-12-2015,27.260000228881836,27.6200008392334,10801500,27.709999084472656,27.59000015258789,26.628833770751953
22-12-2015,27.420000076293945,27.6200008392334,12376200,28.06999969482422,27.889999389648438,26.918376922607422
23-12-2015,27.649999618530273,28.0,5315300,28.040000915527344,27.780000686645508,26.812210083007812
24-12-2015,27.600000381469727,27.90999984741211,2517300,27.940000534057617,27.65999984741211,26.696392059326172
28-12-2015,27.31999969482422,27.520000457763672,3722400,27.690000534057617,27.639999389648438,26.677085876464844
29-12-2015,27.700000762939453,27.729999542236328,4332400,28.0,27.90999984741211,26.93768310546875
30-12-2015,27.709999084472656,27.729999542236328,4036200,27.989999771118164,27.75,26.78325843811035
31-12-2015,27.450000762939453,27.6299991607666,4923800,27.690000534057617,27.479999542236328,26.522661209106445
04-01-2016,26.079999923706055,27.110000610351562,19107600,27.25,26.43000030517578,25.509241104125977
05-01-2016,25.940000534057617,26.610000610351562,16691400,26.860000610351562,26.1200008392334,25.210041046142578
06-01-2016,25.770000457763672,25.829999923706055,12139900,26.65999984741211,26.40999984741211,25.489938735961914
07-01-2016,25.600000381469727,25.799999237060547,13350000,26.469999313354492,25.690000534057617,24.795021057128906
08-01-2016,25.670000076293945,25.969999313354492,11233800,26.15999984741211,25.75,24.852928161621094
11-01-2016,25.799999237060547,25.950000762939453,11939900,26.25,26.100000381469727,25.19074249267578
12-01-2016,25.920000076293945,26.110000610351562,9444200,26.399999618530273,26.209999084472656,25.296905517578125
13-01-2016,25.260000228881836,26.40999984741211,11659900,26.459999084472656,25.40999984741211,24.5247745513916
14-01-2016,24.950000762939453,25.420000076293945,16551100,26.149999618530273,25.860000610351562,24.9591007232666
15-01-2016,24.799999237060547,25.049999237060547,14332700,25.479999542236328,25.260000228881836,24.380002975463867
19-01-2016,25.360000610351562,25.610000610351562,13824600,25.90999984741211,25.770000457763672,24.872236251831055
20-01-2016,24.760000228881836,24.84000015258789,17507900,26.139999389648438,25.81999969482422,24.92049217224121
21-01-2016,25.31999969482422,25.8700008392334,15403100,26.25,26.09000015258789,25.18108367919922
22-01-2016,26.110000610351562,26.459999084472656,10447000,26.739999771118164,26.43000030517578,25.509241104125977
25-01-2016,26.100000381469727,26.399999618530273,9867100,26.549999237060547,26.139999389648438,25.22934341430664
26-01-2016,26.200000762939453,26.200000762939453,7625500,26.670000076293945,26.649999618530273,25.72157859802246
27-01-2016,26.100000381469727,26.709999084472656,18597800,27.06999969482422,26.420000076293945,25.499589920043945
28-01-2016,22.399999618530273,23.229999542236328,55880800,24.1299991607666,23.1299991607666,22.324207305908203
29-01-2016,22.950000762939453,23.190000534057617,30604900,23.479999542236328,23.459999084472656,22.64270782470703
01-02-2016,23.260000228881836,23.34000015258789,19884900,24.229999542236328,23.940000534057617,23.105989456176758
02-02-2016,23.209999084472656,23.719999313354492,16073900,23.760000228881836,23.290000915527344,22.4786319732666
03-02-2016,22.90999984741211,23.450000762939453,19749200,23.729999542236328,23.5,22.68131446838379
04-02-2016,23.09000015258789,23.489999771118164,15936800,23.610000610351562,23.489999771118164,22.671667098999023
05-02-2016,23.059999465942383,23.450000762939453,18872300,23.510000228881836,23.200000762939453,22.391767501831055
08-02-2016,21.520000457763672,22.860000610351562,20601200,22.8799991607666,22.479999542236328,21.69685173034668
09-02-2016,21.90999984741211,22.190000534057617,16786400,23.0,22.010000228881836,21.243223190307617
10-02-2016,22.079999923706055,22.270000457763672,12220500,22.719999313354492,22.31999969482422,21.54242515563965
11-02-2016,21.639999389648438,21.93000030517578,17634500,22.450000762939453,22.079999923706055,21.310787200927734
12-02-2016,22.229999542236328,22.3799991607666,11866100,22.6200008392334,22.489999771118164,21.706501007080078
16-02-2016,22.229999542236328,22.299999237060547,10380600,23.0,22.950000762939453,22.150480270385742
17-02-2016,22.899999618530273,23.079999923706055,10904000,23.280000686645508,23.219999313354492,22.411069869995117
18-02-2016,23.079999923706055,23.1200008392334,11111100,23.670000076293945,23.530000686645508,22.71027374267578
19-02-2016,23.350000381469727,23.43000030517578,9784600,23.860000610351562,23.809999465942383,22.980520248413086
22-02-2016,23.920000076293945,23.950000762939453,9724900,24.290000915527344,24.239999771118164,23.395536422729492
23-02-2016,23.610000610351562,24.040000915527344,10125500,24.200000762939453,23.6200008392334,22.797136306762695
24-02-2016,23.280000686645508,23.43000030517578,9471700,24.020000457763672,23.959999084472656,23.125288009643555
25-02-2016,23.889999389648438,24.030000686645508,7554600,24.200000762939453,24.18000030517578,23.337627410888672
26-02-2016,24.1299991607666,24.389999389648438,7415000,24.540000915527344,24.18000030517578,23.337627410888672
29-02-2016,23.770000457763672,24.1200008392334,7062200,24.350000381469727,23.799999237060547,22.970863342285156
01-03-2016,23.6200008392334,23.989999771118164,8742000,24.25,24.25,23.405187606811523
02-03-2016,23.65999984741211,24.1299991607666,9875800,24.190000534057617,23.719999313354492,22.893651962280273
03-03-2016,23.579999923706055,23.690000534057617,7778100,23.989999771118164,23.940000534057617,23.105989456176758
04-03-2016,23.93000030517578,24.059999465942383,8254200,24.6200008392334,24.40999984741211,23.559612274169922
07-03-2016,24.059999465942383,24.360000610351562,4889000,24.399999618530273,24.260000228881836,23.414836883544922
08-03-2016,23.690000534057617,24.020000457763672,11574000,24.389999389648438,24.06999969482422,23.231456756591797
09-03-2016,23.700000762939453,24.34000015258789,12347700,24.489999771118164,23.950000762939453,23.11564064025879
10-03-2016,22.979999542236328,24.040000915527344,19207600,24.100000381469727,23.690000534057617,22.86469841003418
11-03-2016,23.899999618530273,23.969999313354492,13854000,24.079999923706055,24.020000457763672,23.183204650878906
14-03-2016,23.899999618530273,24.020000457763672,16007600,24.350000381469727,24.280000686645508,23.434144973754883
15-03-2016,23.540000915527344,24.100000381469727,8854200,24.149999618530273,23.579999923706055,22.758525848388672
16-03-2016,22.8799991607666,23.450000762939453,22223000,23.790000915527344,23.68000030517578,22.855043411254883
17-03-2016,23.34000015258789,23.780000686645508,11338200,23.93000030517578,23.760000228881836,22.9322566986084
18-03-2016,23.190000534057617,23.760000228881836,19940400,23.969999313354492,23.770000457763672,22.941909790039062
21-03-2016,23.75,23.809999465942383,14712700,24.489999771118164,24.34000015258789,23.49205207824707
22-03-2016,24.100000381469727,24.15999984741211,8961000,24.329999923706055,24.1299991607666,23.28936767578125
23-03-2016,23.959999084472656,24.09000015258789,7740900,24.280000686645508,24.170000076293945,23.327974319458008
24-03-2016,24.0,24.1299991607666,13475100,24.3700008392334,24.329999923706055,23.48240089416504
28-03-2016,24.079999923706055,24.290000915527344,5699700,24.34000015258789,24.1200008392334,23.27971839904785
29-03-2016,23.360000610351562,23.700000762939453,13859700,24.110000610351562,24.100000381469727,23.26041030883789
30-03-2016,24.010000228881836,24.059999465942383,11125700,24.56999969482422,24.040000915527344,23.202505111694336
31-03-2016,23.799999237060547,24.1299991607666,14866600,24.149999618530273,23.860000610351562,23.028776168823242
01-04-2016,23.670000076293945,24.3700008392334,11167900,24.3799991607666,23.8799991607666,23.04807472229004
04-04-2016,23.399999618530273,23.399999618530273,12415900,24.18000030517578,24.030000686645508,23.192852020263672
05-04-2016,23.649999618530273,23.690000534057617,16589800,24.670000076293945,24.389999389648438,23.54030990600586
06-04-2016,24.360000610351562,24.450000762939453,21660500,25.520000457763672,25.43000030517578,24.54408073425293
07-04-2016,23.959999084472656,25.280000686645508,20124400,25.280000686645508,24.100000381469727,23.26041030883789
08-04-2016,23.8799991607666,24.209999084472656,8497400,24.3799991607666,24.06999969482422,23.231456756591797
11-04-2016,24.040000915527344,24.170000076293945,7405100,24.440000534057617,24.059999465942383,23.22180938720703
12-04-2016,24.030000686645508,24.190000534057617,8928000,24.549999237060547,24.420000076293945,23.569265365600586
13-04-2016,24.549999237060547,24.579999923706055,17002200,25.600000381469727,25.079999923706055,24.20627212524414
14-04-2016,24.959999084472656,25.290000915527344,7870500,25.31999969482422,25.209999084472656,24.331743240356445
15-04-2016,25.0,25.309999465942383,6344600,25.329999923706055,25.219999313354492,24.341394424438477
18-04-2016,24.799999237060547,24.799999237060547,5954700,25.469999313354492,25.309999465942383,24.428258895874023
19-04-2016,24.079999923706055,24.649999618530273,20833700,24.8799991607666,24.299999237060547,23.45344352722168
20-04-2016,24.260000228881836,24.299999237060547,8495100,24.860000610351562,24.65999984741211,23.800905227661133
21-04-2016,24.600000381469727,24.6299991607666,8403900,24.8700008392334,24.690000534057617,23.829862594604492
22-04-2016,24.3700008392334,24.610000610351562,10639600,24.969999313354492,24.399999618530273,23.549962997436523
25-04-2016,24.149999618530273,24.399999618530273,16246800,24.540000915527344,24.219999313354492,23.376232147216797
26-04-2016,24.170000076293945,24.170000076293945,18002700,24.719999313354492,24.489999771118164,23.636825561523438
27-04-2016,25.190000534057617,25.329999923706055,29282900,26.209999084472656,25.270000457763672,24.3896541595459
28-04-2016,24.549999237060547,25.09000015258789,13422100,25.34000015258789,24.6200008392334,23.762300491333008
29-04-2016,24.059999465942383,24.3700008392334,20154900,24.579999923706055,24.43000030517578,23.57891845703125
02-05-2016,24.059999465942383,24.18000030517578,10646100,24.389999389648438,24.260000228881836,23.414836883544922
03-05-2016,23.8799991607666,24.06999969482422,9531500,24.25,23.979999542236328,23.14459228515625
04-05-2016,23.729999542236328,23.81999969482422,8123200,24.040000915527344,23.799999237060547,22.970863342285156
05-05-2016,23.760000228881836,24.020000457763672,7915400,24.049999237060547,23.809999465942383,22.980520248413086
06-05-2016,23.540000915527344,23.670000076293945,7928400,23.84000015258789,23.81999969482422,22.99016571044922
09-05-2016,23.729999542236328,23.790000915527344,7844700,24.139999389648438,24.020000457763672,23.183204650878906
10-05-2016,23.950000762939453,24.040000915527344,8497400,24.219999313354492,24.15999984741211,23.31832504272461
11-05-2016,23.739999771118164,24.1200008392334,7543900,24.18000030517578,23.739999771118164,22.912954330444336
12-05-2016,23.5,23.90999984741211,10867900,23.920000076293945,23.579999923706055,22.758525848388672
13-05-2016,23.600000381469727,23.649999618530273,8556700,23.93000030517578,23.780000686645508,22.951562881469727
16-05-2016,23.610000610351562,23.68000030517578,5589400,23.8799991607666,23.799999237060547,22.970863342285156
17-05-2016,23.18000030517578,23.639999389648438,9957800,23.799999237060547,23.270000457763672,22.459333419799805
18-05-2016,23.219999313354492,23.309999465942383,8891000,23.850000381469727,23.690000534057617,22.86469841003418
19-05-2016,23.25,23.59000015258789,5194100,23.670000076293945,23.420000076293945,22.60410499572754
20-05-2016,23.309999465942383,23.440000534057617,6825000,23.760000228881836,23.649999618530273,22.82608985900879
23-05-2016,23.34000015258789,23.3799991607666,5367000,23.81999969482422,23.459999084472656,22.64270782470703
24-05-2016,23.639999389648438,23.639999389648438,8014000,24.18000030517578,24.049999237060547,23.2121524810791
25-05-2016,23.889999389648438,23.90999984741211,7342900,24.200000762939453,24.040000915527344,23.202505111694336
26-05-2016,23.860000610351562,23.979999542236328,5548900,24.1299991607666,24.1200008392334,23.27971839904785
27-05-2016,24.149999618530273,24.170000076293945,8050500,24.399999618530273,24.360000610351562,23.511354446411133
31-05-2016,24.239999771118164,24.290000915527344,11426400,24.6200008392334,24.459999084472656,23.607872009277344
01-06-2016,24.040000915527344,24.43000030517578,7718000,24.440000534057617,24.06999969482422,23.231456756591797
02-06-2016,23.8799991607666,24.149999618530273,10350100,24.270000457763672,24.25,23.405187606811523
03-06-2016,23.75,24.209999084472656,6413600,24.25,23.979999542236328,23.14459228515625
06-06-2016,23.8700008392334,23.979999542236328,7058900,24.100000381469727,23.989999771118164,23.154247283935547
07-06-2016,24.110000610351562,24.1299991607666,9760100,24.360000610351562,24.280000686645508,23.434144973754883
08-06-2016,24.110000610351562,24.25,7722400,24.34000015258789,24.229999542236328,23.385887145996094
09-06-2016,24.06999969482422,24.190000534057617,7914800,24.3799991607666,24.329999923706055,23.48240089416504
10-06-2016,23.90999984741211,24.15999984741211,7782000,24.270000457763672,24.06999969482422,23.231456756591797
13-06-2016,23.84000015258789,24.020000457763672,8627500,24.1299991607666,23.889999389648438,23.057727813720703
14-06-2016,23.6299991607666,23.790000915527344,9928000,24.010000228881836,23.8799991607666,23.04807472229004
15-06-2016,23.790000915527344,23.989999771118164,9326800,24.079999923706055,23.959999084472656,23.125288009643555
16-06-2016,23.469999313354492,23.940000534057617,9399200,23.959999084472656,23.850000381469727,23.01912498474121
17-06-2016,23.59000015258789,23.739999771118164,13176600,23.889999389648438,23.790000915527344,22.961212158203125
20-06-2016,24.260000228881836,24.34000015258789,14220700,24.8700008392334,24.56999969482422,23.714038848876953
21-06-2016,24.450000762939453,24.540000915527344,7862300,24.770000457763672,24.700000762939453,23.839508056640625
22-06-2016,24.31999969482422,24.6200008392334,6673700,24.75,24.34000015258789,23.49205207824707
23-06-2016,24.600000381469727,24.690000534057617,9485400,24.950000762939453,24.850000381469727,23.984285354614258
24-06-2016,22.809999465942383,23.770000457763672,24566100,23.889999389648438,23.1299991607666,22.324207305908203
27-06-2016,22.299999237060547,22.950000762939453,12862200,23.1200008392334,22.719999313354492,21.928485870361328
28-06-2016,22.770000457763672,22.889999389648438,11995600,23.110000610351562,22.989999771118164,22.1890811920166
29-06-2016,23.06999969482422,23.18000030517578,9143400,23.3799991607666,23.309999465942383,22.497936248779297
30-06-2016,23.25,23.360000610351562,9464700,23.469999313354492,23.40999984741211,22.594453811645508
01-07-2016,23.40999984741211,23.43000030517578,9683400,23.950000762939453,23.780000686645508,22.951562881469727
05-07-2016,23.43000030517578,23.709999084472656,8677200,23.81999969482422,23.760000228881836,22.9322566986084
06-07-2016,23.299999237060547,23.709999084472656,9509900,23.850000381469727,23.829999923706055,22.999818801879883
07-07-2016,23.75,23.920000076293945,10007200,24.0,23.93000030517578,23.09633445739746
08-07-2016,23.950000762939453,24.020000457763672,7480200,24.65999984741211,24.610000610351562,23.752649307250977
11-07-2016,24.639999389648438,24.739999771118164,8652400,25.020000457763672,24.860000610351562,23.993940353393555
12-07-2016,24.969999313354492,24.969999313354492,9625300,25.34000015258789,25.1299991607666,24.25452995300293
13-07-2016,24.979999542236328,25.1200008392334,5817800,25.270000457763672,25.1200008392334,24.24488067626953
14-07-2016,25.399999618530273,25.450000762939453,23705900,26.260000228881836,26.079999923706055,25.171436309814453
15-07-2016,25.950000762939453,26.200000762939453,17603900,26.34000015258789,26.34000015258789,25.422378540039062
18-07-2016,26.170000076293945,26.229999542236328,12382100,26.559999465942383,26.489999771118164,25.56715202331543
19-07-2016,26.389999389648438,26.59000015258789,17414500,26.719999313354492,26.5,25.576805114746094
20-07-2016,26.40999984741211,26.610000610351562,27170100,27.139999389648438,26.989999771118164,26.049734115600586
21-07-2016,28.790000915527344,28.8700008392334,44959100,30.309999465942383,29.93000030517578,28.88730812072754
22-07-2016,29.75,29.809999465942383,20272000,30.559999465942383,30.489999771118164,29.42780303955078
25-07-2016,30.270000457763672,30.309999465942383,17892900,30.860000610351562,30.68000030517578,29.61118507385254
26-07-2016,30.559999465942383,30.559999465942383,13911700,31.40999984741211,31.399999618530273,30.30609893798828
27-07-2016,31.100000381469727,31.440000534057617,11859600,31.790000915527344,31.309999465942383,30.219236373901367
28-07-2016,31.06999969482422,31.280000686645508,8835500,31.489999771118164,31.170000076293945,30.0841121673584
29-07-2016,30.899999618530273,31.1200008392334,8433200,31.239999771118164,31.15999984741211,30.074459075927734
01-08-2016,31.1299991607666,31.299999237060547,13129900,31.389999389648438,31.25,30.161325454711914
02-08-2016,30.690000534057617,31.06999969482422,11913500,31.209999084472656,30.790000915527344,29.717350006103516
03-08-2016,30.739999771118164,30.799999237060547,7371100,31.040000915527344,30.950000762939453,29.871776580810547
04-08-2016,30.850000381469727,30.940000534057617,7592700,31.309999465942383,31.059999465942383,29.977947235107422
05-08-2016,31.1299991607666,31.149999618530273,7795600,31.450000762939453,31.389999389648438,30.29644775390625
08-08-2016,30.940000534057617,31.3799991607666,9527600,31.3799991607666,31.149999618530273,30.064807891845703
09-08-2016,30.940000534057617,31.219999313354492,7592100,31.239999771118164,31.110000610351562,30.026203155517578
10-08-2016,30.940000534057617,31.110000610351562,6077700,31.25,31.1200008392334,30.03585433959961
11-08-2016,31.020000457763672,31.190000534057617,5910400,31.5,31.200000762939453,30.113067626953125
12-08-2016,30.889999389648438,31.219999313354492,11809000,31.270000457763672,30.889999389648438,29.813865661621094
15-08-2016,30.639999389648438,31.0,7038800,31.309999465942383,31.049999237060547,29.968290328979492
16-08-2016,30.579999923706055,30.899999618530273,6539700,30.979999542236328,30.829999923706055,29.75595474243164
17-08-2016,30.489999771118164,30.8799991607666,6961500,30.899999618530273,30.610000610351562,29.543621063232422
18-08-2016,30.420000076293945,30.510000228881836,6023500,30.670000076293945,30.520000457763672,29.456754684448242
19-08-2016,30.360000610351562,30.459999084472656,7840700,30.649999618530273,30.6299991607666,29.562923431396484
22-08-2016,30.3700008392334,30.459999084472656,6240700,30.639999389648438,30.6200008392334,29.55327033996582
23-08-2016,30.649999618530273,30.68000030517578,5594500,30.969999313354492,30.670000076293945,29.601530075073242
24-08-2016,30.729999542236328,30.739999771118164,14752000,31.329999923706055,31.25,30.161325454711914
25-08-2016,31.059999465942383,31.079999923706055,7459800,31.450000762939453,31.34000015258789,30.24818992614746
26-08-2016,31.09000015258789,31.34000015258789,7750400,31.6299991607666,31.309999465942383,30.219236373901367
29-08-2016,31.139999389648438,31.25,5108800,31.5,31.399999618530273,30.30609893798828
30-08-2016,31.360000610351562,31.459999084472656,9800100,32.029998779296875,31.770000457763672,30.663209915161133
31-08-2016,31.59000015258789,31.65999984741211,12641800,32.22999954223633,32.15999984741211,31.039621353149414
01-09-2016,31.8799991607666,32.150001525878906,6808400,32.2400016784668,32.130001068115234,31.010671615600586
02-09-2016,32.11000061035156,32.29999923706055,6760600,32.5,32.279998779296875,31.155437469482422
06-09-2016,32.150001525878906,32.20000076293945,8436800,32.65999984741211,32.40999984741211,31.280912399291992
07-09-2016,32.290000915527344,32.45000076293945,9422600,32.72999954223633,32.5099983215332,31.37742805480957
08-09-2016,32.380001068115234,32.5,7148500,32.810001373291016,32.70000076293945,31.560808181762695
09-09-2016,31.860000610351562,32.41999816894531,13068800,32.59000015258789,31.889999389648438,30.77902603149414
12-09-2016,31.549999237060547,31.670000076293945,8538900,32.56999969482422,32.4900016784668,31.35811996459961
13-09-2016,31.709999084472656,32.15999984741211,9453200,32.290000915527344,31.90999984741211,30.798330307006836
14-09-2016,31.700000762939453,32.06999969482422,7552100,32.130001068115234,31.799999237060547,30.692163467407227
15-09-2016,31.329999923706055,31.739999771118164,7486700,31.979999542236328,31.979999542236328,30.865894317626953
16-09-2016,31.6299991607666,31.709999084472656,10979900,31.8799991607666,31.770000457763672,30.663209915161133
19-09-2016,31.43000030517578,31.809999465942383,5870500,31.959999084472656,31.56999969482422,30.470172882080078
20-09-2016,31.229999542236328,31.75,6440200,31.799999237060547,31.360000610351562,30.267494201660156
21-09-2016,31.5,31.559999465942383,10875800,32.02000045776367,31.969999313354492,30.856239318847656
22-09-2016,32.02000045776367,32.02000045776367,5313600,32.34000015258789,32.279998779296875,31.155437469482422
23-09-2016,32.06999969482422,32.279998779296875,5515400,32.380001068115234,32.06999969482422,30.9527587890625
26-09-2016,31.59000015258789,31.8799991607666,6223700,32.0099983215332,31.670000076293945,30.566692352294922
27-09-2016,31.68000030517578,31.799999237060547,5914100,32.099998474121094,31.940000534057617,30.827287673950195
28-09-2016,31.670000076293945,31.950000762939453,6116100,31.979999542236328,31.850000381469727,30.74042510986328
29-09-2016,32.189998626708984,33.040000915527344,16921000,33.189998626708984,32.29999923706055,31.174745559692383
30-09-2016,32.459999084472656,32.4900016784668,11959900,33.02000045776367,32.900001525878906,31.75385093688965
03-10-2016,31.299999237060547,31.299999237060547,12565800,32.650001525878906,32.54999923706055,31.416038513183594
04-10-2016,32.41999816894531,32.709999084472656,6656500,33.029998779296875,32.560001373291016,31.425691604614258
05-10-2016,32.08000183105469,32.400001525878906,8807300,32.470001220703125,32.150001525878906,31.029970169067383
06-10-2016,31.860000610351562,32.119998931884766,5676700,32.209999084472656,32.130001068115234,31.010671615600586
07-10-2016,31.040000915527344,32.25,10113900,32.25,31.6200008392334,30.518436431884766
10-10-2016,31.889999389648438,32.0099983215332,9297200,32.25,31.950000762939453,30.83694076538086
11-10-2016,31.139999389648438,31.959999084472656,9241200,31.979999542236328,31.459999084472656,30.3640079498291
12-10-2016,31.280000686645508,31.280000686645508,6354200,31.610000610351562,31.5,30.402616500854492
13-10-2016,31.079999923706055,31.790000915527344,10798700,31.829999923706055,31.510000228881836,30.412267684936523
14-10-2016,31.600000381469727,31.81999969482422,14391900,32.2400016784668,31.889999389648438,30.77902603149414
17-10-2016,31.3799991607666,32.38999938964844,11429800,32.38999938964844,31.809999465942383,30.70181655883789
18-10-2016,31.56999969482422,32.04999923706055,12512200,32.369998931884766,31.639999389648438,30.537736892700195
19-10-2016,31.719999313354492,31.90999984741211,23765800,32.63999938964844,32.52000045776367,31.387081146240234
20-10-2016,28.75,29.5,52625200,29.84000015258789,29.020000457763672,28.00901222229004
21-10-2016,28.600000381469727,29.059999465942383,24223500,29.190000534057617,29.059999465942383,28.047616958618164
24-10-2016,29.149999618530273,29.260000228881836,16402300,29.709999084472656,29.219999313354492,28.202043533325195
25-10-2016,28.940000534057617,29.200000762939453,10293300,29.389999389648438,29.049999237060547,28.037965774536133
26-10-2016,28.770000457763672,29.0,8944500,29.049999237060547,28.81999969482422,27.81597900390625
27-10-2016,28.6299991607666,28.969999313354492,11797800,29.06999969482422,28.809999465942383,27.80632972717285
28-10-2016,28.469999313354492,28.860000610351562,10716800,29.100000381469727,28.600000381469727,27.6036434173584
31-10-2016,28.440000534057617,28.770000457763672,8703400,28.770000457763672,28.510000228881836,27.516780853271484
01-11-2016,28.09000015258789,28.510000228881836,8536900,28.700000762939453,28.3799991607666,27.39130973815918
02-11-2016,28.110000610351562,28.239999771118164,8841100,28.510000228881836,28.260000228881836,27.27548599243164
03-11-2016,28.020000457763672,28.170000076293945,6215700,28.450000762939453,28.059999465942383,27.082460403442383
04-11-2016,27.940000534057617,28.100000381469727,7293700,28.290000915527344,27.950000762939453,26.976289749145508
07-11-2016,28.079999923706055,28.34000015258789,9122700,28.3700008392334,28.239999771118164,27.256187438964844
08-11-2016,27.6299991607666,28.09000015258789,14234400,28.25,28.030000686645508,27.05350112915039
09-11-2016,27.329999923706055,27.34000015258789,11695600,28.469999313354492,28.290000915527344,27.304445266723633
10-11-2016,27.81999969482422,28.389999389648438,12155300,28.75,28.15999984741211,27.178970336914062
11-11-2016,27.950000762939453,27.969999313354492,9603100,28.770000457763672,28.639999389648438,27.642250061035156
14-11-2016,27.860000610351562,28.6299991607666,12413800,28.739999771118164,27.889999389648438,26.918376922607422
15-11-2016,28.030000686645508,28.030000686645508,9482800,28.770000457763672,28.489999771118164,27.497478485107422
16-11-2016,28.309999465942383,28.389999389648438,10594100,28.889999389648438,28.329999923706055,27.343050003051758
17-11-2016,28.350000381469727,28.3700008392334,8908400,28.920000076293945,28.8700008392334,27.86423683166504
18-11-2016,28.56999969482422,28.84000015258789,11668700,28.950000762939453,28.690000534057617,27.690509796142578
21-11-2016,28.670000076293945,28.729999542236328,7376100,29.139999389648438,29.0,27.989707946777344
22-11-2016,28.93000030517578,29.440000534057617,7369200,29.440000534057617,29.059999465942383,28.047616958618164
23-11-2016,28.649999618530273,28.989999771118164,6033400,29.06999969482422,28.899999618530273,27.893192291259766
25-11-2016,28.75,28.940000534057617,3076000,28.989999771118164,28.950000762939453,27.94145393371582
28-11-2016,28.530000686645508,28.84000015258789,7245300,28.889999389648438,28.56999969482422,27.574689865112305
29-11-2016,28.5,28.559999465942383,7281600,28.809999465942383,28.510000228881836,27.516780853271484
30-11-2016,27.799999237060547,28.510000228881836,13777100,28.59000015258789,27.809999465942383,26.841169357299805
01-12-2016,27.280000686645508,27.920000076293945,9774900,28.010000228881836,27.389999389648438,26.43579864501953
02-12-2016,27.690000534057617,27.729999542236328,14437500,28.829999923706055,28.420000076293945,27.429914474487305
05-12-2016,28.31999969482422,28.549999237060547,10802900,28.899999618530273,28.350000381469727,27.362354278564453
06-12-2016,28.030000686645508,28.299999237060547,10387500,28.389999389648438,28.209999084472656,27.227231979370117
07-12-2016,28.139999389648438,28.139999389648438,10286900,28.989999771118164,28.90999984741211,27.90284538269043
08-12-2016,28.90999984741211,28.959999084472656,12263200,29.8700008392334,29.420000076293945,28.395076751708984
09-12-2016,29.420000076293945,29.610000610351562,13549000,30.110000610351562,29.969999313354492,28.92591667175293
12-12-2016,29.84000015258789,30.020000457763672,14940100,30.459999084472656,30.209999084472656,29.157554626464844
13-12-2016,29.809999465942383,30.360000610351562,11664300,30.520000457763672,29.81999969482422,28.78114128112793
14-12-2016,29.639999389648438,29.850000381469727,9624800,30.15999984741211,29.81999969482422,28.78114128112793
15-12-2016,29.649999618530273,29.8700008392334,10140600,29.969999313354492,29.729999542236328,28.694278717041016
16-12-2016,29.559999465942383,29.729999542236328,14682000,29.920000076293945,29.610000610351562,28.578454971313477
19-12-2016,29.31999969482422,29.700000762939453,7814500,29.799999237060547,29.3799991607666,28.356470108032227
20-12-2016,29.010000228881836,29.530000686645508,11236900,29.600000381469727,29.260000228881836,28.24065399169922
21-12-2016,29.09000015258789,29.139999389648438,8634800,29.389999389648438,29.360000610351562,28.337167739868164
22-12-2016,29.209999084472656,29.280000686645508,8865100,29.700000762939453,29.540000915527344,28.510900497436523
23-12-2016,29.420000076293945,29.81999969482422,8132700,29.81999969482422,29.790000915527344,28.75218963623047
27-12-2016,29.809999465942383,29.829999923706055,7513400,30.3700008392334,30.239999771118164,29.186511993408203
28-12-2016,29.93000030517578,30.239999771118164,8118900,30.25,30.010000228881836,28.96452522277832
29-12-2016,29.829999923706055,30.020000457763672,7119600,30.209999084472656,29.979999542236328,28.935565948486328
30-12-2016,29.56999969482422,30.3799991607666,8189700,30.3799991607666,29.690000534057617,28.655675888061523
03-01-2017,29.639999389648438,29.829999923706055,7664800,30.190000534057617,29.84000015258789,28.800443649291992
04-01-2017,29.510000228881836,29.90999984741211,9538800,30.010000228881836,29.760000228881836,28.723234176635742
05-01-2017,29.610000610351562,29.729999542236328,9062200,30.079999923706055,30.010000228881836,28.96452522277832
06-01-2017,29.780000686645508,29.969999313354492,13351400,31.15999984741211,31.049999237060547,29.968290328979492
09-01-2017,30.600000381469727,31.0,10532200,31.030000686645508,30.75,29.67874526977539
10-01-2017,29.84000015258789,30.670000076293945,13833100,30.719999313354492,30.25,29.1961612701416
11-01-2017,30.010000228881836,30.299999237060547,8169000,30.420000076293945,30.40999984741211,29.3505859375
12-01-2017,30.110000610351562,30.799999237060547,7890400,30.799999237060547,30.350000381469727,29.292680740356445
13-01-2017,29.84000015258789,30.209999084472656,7822800,30.350000381469727,30.290000915527344,29.234769821166992
17-01-2017,30.110000610351562,30.329999923706055,7447100,30.690000534057617,30.290000915527344,29.234769821166992
18-01-2017,30.139999389648438,30.290000915527344,9523600,30.479999542236328,30.389999389648438,29.33128547668457
19-01-2017,30.190000534057617,30.260000228881836,14112400,30.84000015258789,30.719999313354492,29.6497859954834
20-01-2017,30.520000457763672,30.84000015258789,8496300,30.959999084472656,30.639999389648438,29.57257652282715
23-01-2017,30.059999465942383,30.639999389648438,9341100,30.649999618530273,30.270000457763672,29.215465545654297
24-01-2017,29.700000762939453,30.299999237060547,16925400,30.329999923706055,29.989999771118164,28.945219039916992
25-01-2017,30.110000610351562,30.25,20148200,30.5,30.229999542236328,29.17685890197754
26-01-2017,31.549999237060547,32.369998931884766,32044400,32.849998474121094,31.739999771118164,30.634252548217773
27-01-2017,31.360000610351562,31.950000762939453,17406700,32.61000061035156,32.5099983215332,31.37742805480957
30-01-2017,31.799999237060547,32.22999954223633,11247700,32.279998779296875,32.16999816894531,31.049274444580078
31-01-2017,31.530000686645508,31.889999389648438,9469100,32.0,31.829999923706055,30.721118927001953
01-02-2017,31.829999923706055,31.899999618530273,9700200,32.2400016784668,32.18000030517578,31.05892562866211
02-02-2017,31.8700008392334,32.060001373291016,6028600,32.209999084472656,31.969999313354492,30.856239318847656
03-02-2017,31.90999984741211,32.11000061035156,5423500,32.20000076293945,32.06999969482422,30.9527587890625
06-02-2017,31.8700008392334,32.0099983215332,5339800,32.2400016784668,32.029998779296875,30.914148330688477
07-02-2017,31.799999237060547,31.950000762939453,8136000,32.470001220703125,32.43000030517578,31.300214767456055
08-02-2017,32.279998779296875,32.45000076293945,17081200,33.40999984741211,33.25,32.091651916503906
09-02-2017,32.97999954223633,33.290000915527344,10465600,33.349998474121094,33.119998931884766,31.966175079345703
10-02-2017,33.060001373291016,33.11000061035156,13492300,33.84000015258789,33.630001068115234,32.45841598510742
13-02-2017,33.560001373291016,33.619998931884766,10744500,34.09000015258789,33.790000915527344,32.61283493041992
14-02-2017,33.56999969482422,33.61000061035156,7615600,33.959999084472656,33.630001068115234,32.45841598510742
15-02-2017,33.5,33.619998931884766,7994500,34.150001525878906,34.0099983215332,32.825172424316406
16-02-2017,33.459999084472656,33.84000015258789,8891800,34.150001525878906,33.540000915527344,32.37154769897461
17-02-2017,33.470001220703125,33.5099983215332,7797300,33.900001525878906,33.7599983215332,32.58388137817383
21-02-2017,33.7599983215332,33.7599983215332,7237500,34.22999954223633,33.91999816894531,32.73830795288086
22-02-2017,33.630001068115234,33.91999816894531,7068200,34.13999938964844,33.81999969482422,32.64179229736328
23-02-2017,33.540000915527344,33.779998779296875,6528400,33.93000030517578,33.599998474121094,32.42945098876953
24-02-2017,33.380001068115234,33.54999923706055,8098700,34.06999969482422,34.060001373291016,32.87343215942383
27-02-2017,33.81999969482422,34.04999923706055,7372800,34.310001373291016,34.279998779296875,33.08576202392578
28-02-2017,33.88999938964844,34.15999984741211,8105300,34.279998779296875,33.900001525878906,32.71900177001953
01-03-2017,34.099998474121094,34.11000061035156,5736100,34.43000030517578,34.27000045776367,33.076114654541016
02-03-2017,33.7400016784668,34.189998626708984,4697900,34.33000183105469,33.90999984741211,32.72865676879883
03-03-2017,33.38999938964844,33.86000061035156,6555700,33.869998931884766,33.7400016784668,32.5645866394043
06-03-2017,33.279998779296875,33.66999816894531,7728500,33.7599983215332,33.63999938964844,32.46806335449219
07-03-2017,33.400001525878906,33.709999084472656,6945500,33.83000183105469,33.470001220703125,32.30398178100586
08-03-2017,33.16999816894531,33.54999923706055,7871900,33.54999923706055,33.31999969482422,32.159210205078125
09-03-2017,33.02000045776367,33.27000045776367,5545400,33.349998474121094,33.18000030517578,32.02408981323242
10-03-2017,33.06999969482422,33.439998626708984,4977300,33.459999084472656,33.130001068115234,31.975830078125
13-03-2017,32.7400016784668,33.130001068115234,10865400,33.220001220703125,32.810001373291016,31.66697883605957
14-03-2017,32.58000183105469,32.849998474121094,6829700,32.95000076293945,32.86000061035156,31.715238571166992
15-03-2017,32.560001373291016,33.02000045776367,9777800,33.16999816894531,32.88999938964844,31.74419403076172
16-03-2017,32.77000045776367,32.779998779296875,6925800,33.20000076293945,33.099998474121094,31.946874618530273
17-03-2017,33.15999984741211,33.29999923706055,15941300,33.84000015258789,33.70000076293945,32.52597427368164
20-03-2017,33.45000076293945,33.68000030517578,7319600,34.029998779296875,33.810001373291016,32.632137298583984
21-03-2017,33.04999923706055,33.91999816894531,8918500,33.9900016784668,33.189998626708984,32.03374099731445
22-03-2017,33.16999816894531,33.2599983215332,5486100,33.66999816894531,33.529998779296875,32.36188888549805
23-03-2017,33.33000183105469,33.45000076293945,4833900,33.779998779296875,33.52000045776367,32.35224533081055
24-03-2017,33.220001220703125,33.65999984741211,4317800,33.66999816894531,33.400001525878906,32.23642349243164
27-03-2017,32.84000015258789,33.15999984741211,4994400,33.4900016784668,33.43000030517578,32.26537322998047
28-03-2017,33.29999923706055,33.400001525878906,4609700,33.65999984741211,33.529998779296875,32.36188888549805
29-03-2017,33.43000030517578,33.619998931884766,7242700,33.779998779296875,33.650001525878906,32.47771072387695
30-03-2017,33.540000915527344,33.650001525878906,4993400,33.79999923706055,33.70000076293945,32.52597427368164
31-03-2017,33.45000076293945,33.5,10223000,33.95000076293945,33.56999969482422,32.40049743652344
03-04-2017,33.31999969482422,33.369998931884766,9828700,33.90999984741211,33.7599983215332,32.58388137817383
04-04-2017,33.66999816894531,33.7599983215332,8679900,34.2599983215332,34.13999938964844,32.95064926147461
05-04-2017,33.779998779296875,34.220001220703125,11241900,34.7400016784668,33.810001373291016,32.632137298583984
06-04-2017,33.84000015258789,34.0099983215332,8854900,34.31999969482422,34.15999984741211,32.96995162963867
07-04-2017,33.79999923706055,34.11000061035156,6644500,34.220001220703125,33.90999984741211,32.72865676879883
10-04-2017,33.93000030517578,34.0,6268100,34.36000061035156,34.060001373291016,32.87343215942383
11-04-2017,33.720001220703125,34.09000015258789,5165100,34.13999938964844,33.9900016784668,32.80587387084961
12-04-2017,33.880001068115234,33.880001068115234,10457200,34.630001068115234,34.27000045776367,33.076114654541016
13-04-2017,34.099998474121094,34.20000076293945,7783100,34.70000076293945,34.33000183105469,33.134029388427734
17-04-2017,34.09000015258789,34.349998474121094,6952000,34.439998626708984,34.439998626708984,33.24019241333008
18-04-2017,33.810001373291016,34.11000061035156,7487000,34.369998931884766,34.02000045776367,32.83482360839844
19-04-2017,33.779998779296875,34.20000076293945,15164000,34.34000015258789,33.849998474121094,32.67074966430664
20-04-2017,32.31999969482422,32.86000061035156,28093800,33.040000915527344,32.529998779296875,31.396730422973633
21-04-2017,31.940000534057617,32.689998626708984,14339200,32.689998626708984,32.18000030517578,31.05892562866211
24-04-2017,31.889999389648438,32.22999954223633,16587800,32.560001373291016,32.04999923706055,30.933454513549805
25-04-2017,31.979999542236328,32.11000061035156,14449300,32.83000183105469,32.810001373291016,31.66697883605957
26-04-2017,32.619998931884766,32.790000915527344,11191500,33.130001068115234,33.0099983215332,31.860008239746094
27-04-2017,32.79999923706055,33.02000045776367,8396400,33.119998931884766,33.060001373291016,31.908267974853516
28-04-2017,32.88999938964844,33.0099983215332,10127600,33.45000076293945,33.40999984741211,32.24607849121094
01-05-2017,33.189998626708984,33.459999084472656,6931700,33.58000183105469,33.310001373291016,32.149559020996094
02-05-2017,33.33000183105469,33.38999938964844,6573300,33.54999923706055,33.5099983215332,32.34259033203125
03-05-2017,33.13999938964844,33.599998474121094,5661500,33.599998474121094,33.2599983215332,32.10129928588867
04-05-2017,33.2599983215332,33.400001525878906,6990300,33.66999816894531,33.5099983215332,32.34259033203125
05-05-2017,33.439998626708984,33.56999969482422,8548200,33.709999084472656,33.5,32.33293914794922
08-05-2017,33.20000076293945,33.52000045776367,9140300,33.720001220703125,33.2400016784668,32.082000732421875
09-05-2017,33.09000015258789,33.2400016784668,9298100,33.869998931884766,33.720001220703125,32.54527282714844
10-05-2017,33.66999816894531,33.66999816894531,8130800,34.15999984741211,33.880001068115234,32.69970703125
11-05-2017,33.65999984741211,33.70000076293945,5595900,34.16999816894531,34.119998931884766,32.93134307861328
12-05-2017,34.0,34.189998626708984,5118200,34.279998779296875,34.06999969482422,32.883079528808594
15-05-2017,33.91999816894531,34.18000030517578,4753800,34.369998931884766,34.18000030517578,32.9892463684082
16-05-2017,34.150001525878906,34.15999984741211,6408900,34.869998931884766,34.810001373291016,33.5973014831543
17-05-2017,33.560001373291016,34.560001373291016,10453200,34.599998474121094,33.58000183105469,32.410160064697266
18-05-2017,32.9900016784668,33.63999938964844,11999800,33.90999984741211,33.72999954223633,32.554927825927734
19-05-2017,33.599998474121094,33.900001525878906,8489200,34.209999084472656,33.83000183105469,32.65145492553711
22-05-2017,33.650001525878906,33.86000061035156,6508200,34.029998779296875,33.86000061035156,32.680397033691406
23-05-2017,34.25,34.25,11322200,34.86000061035156,34.61000061035156,33.404273986816406
24-05-2017,34.439998626708984,34.619998931884766,9393300,34.9900016784668,34.81999969482422,33.60695266723633
25-05-2017,34.86000061035156,34.880001068115234,8498700,35.29999923706055,35.220001220703125,33.99302291870117
26-05-2017,34.65999984741211,35.2599983215332,6622500,35.2599983215332,34.900001525878906,33.684165954589844
30-05-2017,34.369998931884766,34.779998779296875,7254300,34.83000183105469,34.619998931884766,33.41392517089844
31-05-2017,34.099998474121094,34.91999816894531,9762200,34.91999816894531,34.29999923706055,33.105064392089844
01-06-2017,34.20000076293945,34.439998626708984,6665300,34.88999938964844,34.790000915527344,33.5780029296875
02-06-2017,34.61000061035156,34.91999816894531,6860300,35.439998626708984,35.31999969482422,34.08952713012695
05-06-2017,35.38999938964844,36.02000045776367,6050100,36.02000045776367,35.54999923706055,34.311519622802734
06-06-2017,35.349998474121094,35.40999984741211,5527300,35.810001373291016,35.470001220703125,34.23431396484375
07-06-2017,35.560001373291016,35.650001525878906,5328300,35.869998931884766,35.77000045776367,34.523860931396484
08-06-2017,35.869998931884766,36.06999969482422,8946500,36.31999969482422,36.13999938964844,34.88097381591797
09-06-2017,34.689998626708984,36.25,11051900,36.5,34.939998626708984,33.722774505615234
12-06-2017,33.97999954223633,34.70000076293945,12833200,34.77000045776367,34.150001525878906,32.96029281616211
13-06-2017,34.08000183105469,34.209999084472656,7569100,34.54999923706055,34.459999084472656,33.25949478149414
14-06-2017,34.11000061035156,34.630001068115234,6534100,34.72999954223633,34.5,33.2981071472168
15-06-2017,33.88999938964844,34.2599983215332,6296600,34.290000915527344,34.09000015258789,32.90237808227539
16-06-2017,33.90999984741211,33.91999816894531,9987700,34.31999969482422,33.959999084472656,32.77690887451172
19-06-2017,34.0,34.119998931884766,5840700,34.9900016784668,34.900001525878906,33.684165954589844
20-06-2017,34.7400016784668,34.7400016784668,10636800,35.34000015258789,34.93000030517578,33.71312713623047
21-06-2017,34.75,35.0,5418900,35.119998931884766,34.959999084472656,33.7420768737793
22-06-2017,34.84000015258789,34.9900016784668,5633900,35.279998779296875,35.119998931884766,33.89650344848633
23-06-2017,34.959999084472656,35.119998931884766,24063300,35.7400016784668,35.56999969482422,34.33081817626953
26-06-2017,35.0,35.88999938964844,6844400,35.970001220703125,35.09000015258789,33.8675537109375
27-06-2017,34.849998474121094,35.0,8623300,35.31999969482422,34.90999984741211,33.69382095336914
28-06-2017,34.619998931884766,35.0,4806500,35.33000183105469,35.310001373291016,34.07988357543945
29-06-2017,34.09000015258789,35.29999923706055,8277000,35.29999923706055,34.5099983215332,33.30775451660156
30-06-2017,34.52000045776367,34.779998779296875,10845500,35.06999969482422,34.91999816894531,33.703468322753906
03-07-2017,34.54999923706055,35.150001525878906,4517400,35.310001373291016,34.599998474121094,33.39461135864258
05-07-2017,34.5099983215332,34.72999954223633,7540700,34.86000061035156,34.720001220703125,33.510440826416016
06-07-2017,33.95000076293945,34.38999938964844,8600400,34.5,34.029998779296875,32.84447479248047
07-07-2017,34.0099983215332,34.02000045776367,6896600,34.54999923706055,34.22999954223633,33.037506103515625
10-07-2017,34.279998779296875,34.310001373291016,8736400,35.13999938964844,35.040000915527344,33.81929016113281
11-07-2017,34.88999938964844,34.970001220703125,8455900,35.45000076293945,35.189998626708984,33.96406936645508
12-07-2017,35.529998779296875,35.529998779296875,13437500,36.20000076293945,36.029998779296875,34.77479934692383
13-07-2017,36.2599983215332,36.61000061035156,12906200,37.130001068115234,36.5,35.22842025756836
14-07-2017,36.83000183105469,36.90999984741211,9710400,37.20000076293945,37.08000183105469,35.78822326660156
17-07-2017,36.56999969482422,37.029998779296875,8186400,37.16999816894531,37.04999923706055,35.7592658996582
18-07-2017,36.56999969482422,36.939998626708984,12773500,36.939998626708984,36.79999923706055,35.51797103881836
19-07-2017,36.650001525878906,36.95000076293945,8817600,37.2599983215332,37.08000183105469,35.78822326660156
20-07-2017,37.0,37.16999816894531,17538300,37.47999954223633,37.18000030517578,35.884735107421875
21-07-2017,36.04999923706055,36.20000076293945,22222100,36.900001525878906,36.61000061035156,35.334598541259766
24-07-2017,36.220001220703125,36.45000076293945,13039800,36.72999954223633,36.380001068115234,35.112606048583984
25-07-2017,36.060001373291016,36.33000183105469,6499000,36.4900016784668,36.31999969482422,35.0546989440918
26-07-2017,36.36000061035156,36.36000061035156,11305100,37.06999969482422,37.040000915527344,35.74961853027344
27-07-2017,35.540000915527344,37.09000015258789,15288200,37.27000045776367,36.16999816894531,34.9099235534668
28-07-2017,35.72999954223633,36.08000183105469,7654600,36.209999084472656,35.939998626708984,34.68793869018555
31-07-2017,35.650001525878906,36.09000015258789,6228000,36.130001068115234,35.72999954223633,34.485252380371094
01-08-2017,35.75,35.81999969482422,4685400,36.02000045776367,35.90999984741211,34.658973693847656
02-08-2017,35.41999816894531,35.689998626708984,6484200,35.95000076293945,35.900001525878906,34.64932632446289
03-08-2017,35.56999969482422,35.970001220703125,5726300,35.97999954223633,35.709999084472656,34.465946197509766
04-08-2017,35.54999923706055,35.86000061035156,5182500,35.86000061035156,35.619998931884766,34.379085540771484
07-08-2017,35.380001068115234,35.61000061035156,5380200,36.150001525878906,36.11000061035156,34.852020263671875
08-08-2017,35.88999938964844,35.959999084472656,9655700,36.63999938964844,36.36000061035156,35.09330749511719
09-08-2017,35.720001220703125,36.130001068115234,7888100,36.22999954223633,36.08000183105469,34.82305908203125
10-08-2017,34.880001068115234,35.95000076293945,12533800,35.97999954223633,34.9900016784668,33.77103042602539
11-08-2017,34.7599983215332,35.15999984741211,7746800,35.31999969482422,35.04999923706055,33.828941345214844
14-08-2017,34.880001068115234,35.439998626708984,7192500,35.45000076293945,35.20000076293945,33.97371292114258
15-08-2017,35.119998931884766,35.2400016784668,4588500,35.41999816894531,35.25,34.02197265625
16-08-2017,35.06999969482422,35.22999954223633,3976900,35.47999954223633,35.36000061035156,34.128143310546875
17-08-2017,34.79999923706055,35.5,6698900,35.5,34.849998474121094,33.63590621948242
18-08-2017,34.75,34.83000183105469,8746600,35.13999938964844,34.779998779296875,33.5683479309082
21-08-2017,34.09000015258789,35.130001068115234,8190500,35.130001068115234,34.2400016784668,33.04716491699219
22-08-2017,34.310001373291016,34.369998931884766,6177700,34.810001373291016,34.810001373291016,33.5973014831543
23-08-2017,34.5099983215332,34.619998931884766,6326600,34.97999954223633,34.88999938964844,33.67451477050781
24-08-2017,34.5099983215332,34.86000061035156,5778100,35.040000915527344,34.880001068115234,33.66486740112305
25-08-2017,34.560001373291016,34.97999954223633,6885100,35.06999969482422,34.68000030517578,33.47182846069336
28-08-2017,34.65999984741211,34.75,5075300,34.900001525878906,34.810001373291016,33.5973014831543
29-08-2017,34.41999816894531,34.47999954223633,7118300,35.31999969482422,35.20000076293945,33.97371292114258
30-08-2017,35.099998474121094,35.13999938964844,8288900,35.959999084472656,35.689998626708984,34.4466438293457
31-08-2017,35.81999969482422,35.849998474121094,8591100,36.31999969482422,36.130001068115234,34.871315002441406
01-09-2017,36.13999938964844,36.20000076293945,5122900,36.58000183105469,36.349998474121094,35.083656311035156
05-09-2017,35.77000045776367,36.189998626708984,6315000,36.47999954223633,36.09000015258789,34.83271408081055
06-09-2017,36.08000183105469,36.08000183105469,12965900,36.97999954223633,36.7599983215332,35.4793701171875
07-09-2017,36.84000015258789,36.95000076293945,14055300,38.189998626708984,38.0099983215332,36.68581771850586
08-09-2017,37.72999954223633,38.040000915527344,9075900,38.29999923706055,37.790000915527344,36.473487854003906
11-09-2017,38.0,38.040000915527344,6122000,38.2599983215332,38.09000015258789,36.763038635253906
12-09-2017,37.97999954223633,38.06999969482422,4259700,38.29999923706055,38.18000030517578,36.84989547729492
13-09-2017,38.0,38.0,5622300,38.5,38.27000045776367,36.936763763427734
14-09-2017,38.130001068115234,38.2400016784668,6603800,38.59000015258789,38.310001373291016,36.97536849975586
15-09-2017,38.06999969482422,38.27000045776367,11121900,38.869998931884766,38.400001525878906,37.06224060058594
18-09-2017,38.18000030517578,38.29999923706055,5636200,38.66999816894531,38.38999938964844,37.05257797241211
19-09-2017,38.31999969482422,38.5,5215300,38.75,38.59000015258789,37.2456169128418
20-09-2017,38.209999084472656,38.66999816894531,6424600,38.869998931884766,38.540000915527344,37.19736099243164
21-09-2017,38.189998626708984,38.54999923706055,5715800,38.66999816894531,38.25,36.91746520996094
22-09-2017,38.04999923706055,38.130001068115234,4866100,38.310001373291016,38.290000915527344,36.9560661315918
25-09-2017,37.540000915527344,38.220001220703125,7420300,38.310001373291016,37.779998779296875,36.463836669921875
26-09-2017,37.75,37.849998474121094,6132900,38.189998626708984,37.849998474121094,36.53139114379883
27-09-2017,37.7599983215332,38.029998779296875,9377700,38.290000915527344,38.04999923706055,36.724430084228516
28-09-2017,37.439998626708984,37.439998626708984,7734200,37.959999084472656,37.72999954223633,36.41557693481445
29-09-2017,37.709999084472656,37.72999954223633,9965000,38.599998474121094,38.459999084472656,37.120147705078125
02-10-2017,38.369998931884766,38.5099983215332,7243800,38.779998779296875,38.72999954223633,37.3807373046875
03-10-2017,38.4900016784668,38.779998779296875,5107000,39.04999923706055,38.709999084472656,37.36143493652344
04-10-2017,38.5,38.79999923706055,5630400,38.83000183105469,38.65999984741211,37.31317901611328
05-10-2017,38.66999816894531,38.7599983215332,5452500,39.029998779296875,38.9900016784668,37.63167953491211
06-10-2017,38.66999816894531,39.04999923706055,7466700,39.08000183105469,38.810001373291016,37.457950592041016
09-10-2017,38.79999923706055,38.79999923706055,4983700,39.27000045776367,38.9900016784668,37.63167953491211
10-10-2017,38.77000045776367,39.02000045776367,6012700,39.279998779296875,38.84000015258789,37.48691177368164
11-10-2017,38.16999816894531,38.849998474121094,11038600,38.97999954223633,38.310001373291016,36.97536849975586
12-10-2017,38.060001373291016,38.310001373291016,10045700,38.5,38.09000015258789,36.763038635253906
13-10-2017,38.15999984741211,38.349998474121094,9421300,38.529998779296875,38.349998474121094,37.013980865478516
16-10-2017,37.72999954223633,38.290000915527344,8646700,38.5,37.77000045776367,36.45418930053711
17-10-2017,37.41999816894531,37.7599983215332,12012700,37.84000015258789,37.4900016784668,36.18393325805664
18-10-2017,37.540000915527344,37.68000030517578,16937800,38.220001220703125,37.970001220703125,36.647212982177734
19-10-2017,36.189998626708984,36.47999954223633,29099300,37.4900016784668,37.290000915527344,35.99091339111328
20-10-2017,37.29999923706055,37.34000015258789,15105900,37.86000061035156,37.61000061035156,36.29975891113281
23-10-2017,36.7400016784668,37.65999984741211,10374300,37.849998474121094,36.83000183105469,35.546932220458984
24-10-2017,36.5099983215332,36.5099983215332,8533000,37.029998779296875,36.7400016784668,35.4600715637207
25-10-2017,36.45000076293945,36.65999984741211,8030700,36.91999816894531,36.68000030517578,35.402156829833984
26-10-2017,36.720001220703125,36.7400016784668,7635200,37.2400016784668,36.900001525878906,35.614498138427734
27-10-2017,36.63999938964844,37.06999969482422,10880100,37.36000061035156,36.79999923706055,35.51797103881836
30-10-2017,36.7400016784668,36.86000061035156,8118100,37.130001068115234,37.0,35.71100997924805
31-10-2017,37.02000045776367,37.11000061035156,6722800,37.68000030517578,37.63999938964844,36.32870864868164
01-11-2017,37.439998626708984,37.849998474121094,7092900,38.09000015258789,37.540000915527344,36.232200622558594
02-11-2017,36.9900016784668,37.4900016784668,5350300,37.5,37.400001525878906,36.09708023071289
03-11-2017,37.11000061035156,37.439998626708984,5716900,37.54999923706055,37.5,36.1935920715332
06-11-2017,37.29999923706055,37.380001068115234,4361000,37.61000061035156,37.369998931884766,36.068115234375
07-11-2017,37.099998474121094,37.599998474121094,5646000,37.599998474121094,37.40999984741211,36.106727600097656
08-11-2017,36.939998626708984,37.29999923706055,7095200,37.369998931884766,37.0099983215332,35.72066116333008
09-11-2017,35.209999084472656,36.2599983215332,17006900,36.36000061035156,35.689998626708984,34.4466438293457
10-11-2017,35.34000015258789,35.5099983215332,8329700,36.04999923706055,35.970001220703125,34.71689224243164
13-11-2017,35.31999969482422,35.70000076293945,7269000,36.099998474121094,35.849998474121094,34.60106658935547
14-11-2017,35.18000030517578,35.709999084472656,11468000,35.790000915527344,35.220001220703125,33.99302291870117
15-11-2017,34.790000915527344,35.029998779296875,8120700,35.470001220703125,35.29999923706055,34.07024002075195
16-11-2017,35.31999969482422,35.369998931884766,8140200,35.81999969482422,35.619998931884766,34.379085540771484
17-11-2017,35.310001373291016,35.63999938964844,7542600,35.709999084472656,35.58000183105469,34.340484619140625
20-11-2017,35.41999816894531,35.619998931884766,5981700,35.970001220703125,35.529998779296875,34.29221725463867
21-11-2017,35.560001373291016,35.720001220703125,5888600,36.11000061035156,35.959999084472656,34.70724105834961
22-11-2017,35.84000015258789,36.04999923706055,4576200,36.20000076293945,35.939998626708984,34.68793869018555
24-11-2017,35.70000076293945,36.06999969482422,3122800,36.11000061035156,35.84000015258789,34.5914192199707
27-11-2017,35.790000915527344,35.880001068115234,7221700,36.20000076293945,35.9900016784668,34.73619079589844
28-11-2017,35.41999816894531,35.9900016784668,11335100,36.20000076293945,35.5,34.263267517089844
29-11-2017,33.95000076293945,35.41999816894531,22063000,35.45000076293945,34.380001068115234,33.182289123535156
30-11-2017,34.459999084472656,34.47999954223633,16415200,35.189998626708984,34.66999816894531,33.46217727661133
01-12-2017,34.310001373291016,34.380001068115234,11535200,35.25,35.20000076293945,33.97371292114258
04-12-2017,35.380001068115234,35.58000183105469,11130700,36.08000183105469,35.70000076293945,34.456295013427734
05-12-2017,35.75,35.939998626708984,19264500,37.189998626708984,36.810001373291016,35.527626037597656
06-12-2017,36.36000061035156,36.63999938964844,9009600,36.90999984741211,36.83000183105469,35.546932220458984
07-12-2017,36.5,36.720001220703125,7625100,37.150001525878906,36.849998474121094,35.56623458862305
08-12-2017,37.15999984741211,37.25,12423600,37.9900016784668,37.650001525878906,36.33836364746094
11-12-2017,37.31999969482422,37.5099983215332,7072200,37.689998626708984,37.52000045776367,36.212890625
12-12-2017,37.099998474121094,37.439998626708984,6313900,37.4900016784668,37.439998626708984,36.13567352294922
13-12-2017,37.33000183105469,37.459999084472656,5901800,37.63999938964844,37.400001525878906,36.09708023071289
14-12-2017,37.40999984741211,37.40999984741211,5456800,37.77000045776367,37.599998474121094,36.290103912353516
15-12-2017,37.38999938964844,37.720001220703125,16277200,38.41999816894531,38.369998931884766,37.03328323364258
18-12-2017,38.119998931884766,38.5,8092100,38.65999984741211,38.18000030517578,36.84989547729492
19-12-2017,37.720001220703125,38.150001525878906,7871000,38.22999954223633,37.79999923706055,36.48313903808594
20-12-2017,37.7400016784668,37.869998931884766,6551500,38.099998474121094,37.93000030517578,36.60860824584961
21-12-2017,37.77000045776367,38.11000061035156,9619400,38.2400016784668,37.810001373291016,36.49279022216797
22-12-2017,37.529998779296875,37.689998626708984,7603300,37.90999984741211,37.7599983215332,36.44452667236328
26-12-2017,37.599998474121094,37.790000915527344,4537000,38.0099983215332,37.939998626708984,36.618255615234375
27-12-2017,37.560001373291016,38.06999969482422,4244100,38.08000183105469,37.61000061035156,36.29975891113281
28-12-2017,37.45000076293945,37.459999084472656,3398600,37.93000030517578,37.91999816894531,36.59895706176758
29-12-2017,37.650001525878906,37.81999969482422,4652500,38.029998779296875,37.7400016784668,36.42523193359375
02-01-2018,37.91999816894531,38.16999816894531,6997300,38.36000061035156,38.060001373291016,36.73408508300781
03-01-2018,37.900001525878906,37.9900016784668,9134400,39.279998779296875,39.220001220703125,37.85367202758789
04-01-2018,38.470001220703125,39.41999816894531,8958600,39.77000045776367,38.56999969482422,37.22631072998047
05-01-2018,38.810001373291016,38.849998474121094,7290400,39.84000015258789,39.689998626708984,38.30730056762695
08-01-2018,39.439998626708984,39.54999923706055,9714200,40.08000183105469,39.79999923706055,38.4134635925293
09-01-2018,39.47999954223633,40.099998474121094,6215900,40.130001068115234,39.529998779296875,38.15286636352539
10-01-2018,37.54999923706055,38.869998931884766,17416500,39.02000045776367,37.70000076293945,36.38662338256836
11-01-2018,37.459999084472656,37.84000015258789,11090500,37.939998626708984,37.810001373291016,36.49279022216797
12-01-2018,37.900001525878906,38.0,11992900,38.27000045776367,38.02000045776367,36.695472717285156
16-01-2018,37.380001068115234,38.06999969482422,10718800,38.25,37.68000030517578,36.3673210144043
17-01-2018,37.75,38.0,12245700,38.310001373291016,37.9900016784668,36.66651916503906
18-01-2018,38.130001068115234,38.209999084472656,11113500,38.939998626708984,38.7400016784668,37.3903923034668
19-01-2018,38.20000076293945,38.75,12724000,39.02000045776367,38.43000030517578,37.0911865234375
22-01-2018,38.33000183105469,38.36000061035156,10715000,39.72999954223633,39.58000183105469,38.20112991333008
23-01-2018,39.130001068115234,39.59000015258789,6944800,39.88999938964844,39.77000045776367,38.38450622558594
24-01-2018,39.689998626708984,39.970001220703125,10736000,40.709999084472656,39.81999969482422,38.432769775390625
25-01-2018,39.86000061035156,39.93000030517578,9070900,40.40999984741211,40.02000045776367,38.62580108642578
26-01-2018,39.91999816894531,40.310001373291016,8522600,40.90999984741211,40.88999938964844,39.46549606323242
29-01-2018,40.56999969482422,40.59000015258789,6372800,41.06999969482422,40.79999923706055,39.37862777709961
30-01-2018,40.189998626708984,40.720001220703125,9022900,41.34000015258789,40.400001525878906,38.99256134033203
31-01-2018,40.36000061035156,40.47999954223633,14509700,41.099998474121094,40.58000183105469,39.16629409790039
01-02-2018,45.209999084472656,45.5,33290600,46.9900016784668,46.189998626708984,44.58084487915039
02-02-2018,44.22999954223633,45.15999984741211,19255600,46.2400016784668,44.29999923706055,42.75668716430664
05-02-2018,42.2400016784668,44.02000045776367,19100200,44.45000076293945,42.369998931884766,40.8939323425293
06-02-2018,41.720001220703125,41.720001220703125,18686100,43.099998474121094,42.790000915527344,41.29929733276367
07-02-2018,42.22999954223633,42.66999816894531,11379200,43.119998931884766,42.33000183105469,40.85532760620117
08-02-2018,41.0099983215332,42.5,14996800,42.95000076293945,41.02000045776367,39.59095764160156
09-02-2018,40.43000030517578,41.5,15976200,41.97999954223633,41.65999984741211,40.20866775512695
12-02-2018,41.63999938964844,41.95000076293945,11821400,42.63999938964844,42.31999969482422,40.845672607421875
13-02-2018,41.900001525878906,41.9900016784668,10415600,42.779998779296875,42.150001525878906,40.68159103393555
14-02-2018,41.75,41.83000183105469,9930100,42.66999816894531,42.439998626708984,40.96148681640625
15-02-2018,42.22999954223633,42.68000030517578,10402800,43.2599983215332,43.0099983215332,41.51163101196289
16-02-2018,42.90999984741211,43.15999984741211,9396200,43.63999938964844,43.34000015258789,41.830135345458984
20-02-2018,43.0099983215332,43.11000061035156,10947000,43.790000915527344,43.38999938964844,41.878395080566406
21-02-2018,43.060001373291016,43.52000045776367,10393300,43.70000076293945,43.119998931884766,41.6177978515625
22-02-2018,42.619998931884766,43.15999984741211,10575200,43.5099983215332,42.83000183105469,41.33790588378906
23-02-2018,42.81999969482422,43.27000045776367,11158700,43.790000915527344,43.68000030517578,42.15829086303711
26-02-2018,43.650001525878906,43.79999923706055,6402500,44.36000061035156,43.83000183105469,42.30307388305664
27-02-2018,43.130001068115234,43.81999969482422,9243800,43.95000076293945,43.150001525878906,41.64675521850586
28-02-2018,42.849998474121094,43.220001220703125,8825200,43.41999816894531,42.86000061035156,41.36685562133789
01-03-2018,42.04999923706055,43.0099983215332,8040500,43.11000061035156,42.27000045776367,40.79741287231445
02-03-2018,42.220001220703125,42.599998474121094,8070200,43.060001373291016,42.95000076293945,41.45372009277344
05-03-2018,42.619998931884766,42.790000915527344,5506100,43.54999923706055,43.189998626708984,41.68536376953125
06-03-2018,42.959999084472656,43.540000915527344,5324800,43.540000915527344,43.13999938964844,41.637107849121094
07-03-2018,42.79999923706055,42.970001220703125,8126500,44.02000045776367,43.93000030517578,42.39958572387695
08-03-2018,43.40999984741211,44.15999984741211,9297800,44.29999923706055,43.68000030517578,42.15829086303711
09-03-2018,43.34000015258789,43.7599983215332,7800600,43.849998474121094,43.810001373291016,42.28376007080078
12-03-2018,43.43000030517578,44.029998779296875,9189400,44.040000915527344,43.900001525878906,42.370628356933594
13-03-2018,42.689998626708984,44.13999938964844,9934900,44.220001220703125,42.81999969482422,41.3282470703125
14-03-2018,42.650001525878906,42.970001220703125,11663300,43.13999938964844,42.83000183105469,41.33790588378906
15-03-2018,42.15999984741211,42.81999969482422,7598600,42.83000183105469,42.59000015258789,41.106266021728516
16-03-2018,42.380001068115234,42.619998931884766,14194900,42.7400016784668,42.459999084472656,40.98079299926758
19-03-2018,41.720001220703125,42.22999954223633,9410000,42.7599983215332,42.09000015258789,40.623687744140625
20-03-2018,41.709999084472656,42.08000183105469,8000800,42.189998626708984,41.959999084472656,40.49821472167969
21-03-2018,41.470001220703125,41.869998931884766,7658100,42.130001068115234,41.66999816894531,40.218318939208984
22-03-2018,40.560001373291016,41.2400016784668,10974100,41.54999923706055,40.58000183105469,39.16629409790039
23-03-2018,39.70000076293945,40.56999969482422,9244800,40.939998626708984,39.709999084472656,38.326602935791016
26-03-2018,39.59000015258789,40.29999923706055,9796900,41.060001373291016,41.0099983215332,39.58130645751953
27-03-2018,39.97999954223633,41.150001525878906,11795600,41.16999816894531,40.220001220703125,38.81883239746094
28-03-2018,39.63999938964844,40.130001068115234,14336500,40.81999969482422,40.11000061035156,38.71266174316406
29-03-2018,39.9900016784668,40.439998626708984,13438300,40.83000183105469,40.2400016784668,38.83814239501953
02-04-2018,38.900001525878906,40.040000915527344,7721400,40.34000015258789,39.36000061035156,37.98878479003906
03-04-2018,39.220001220703125,39.470001220703125,9671700,39.900001525878906,39.61000061035156,38.230079650878906
04-04-2018,39.0,39.099998474121094,10205800,39.90999984741211,39.790000915527344,38.403812408447266
05-04-2018,39.61000061035156,40.11000061035156,6190800,40.310001373291016,40.029998779296875,38.63544845581055
06-04-2018,39.0,39.65999984741211,6019700,39.939998626708984,39.09000015258789,37.72820281982422
09-04-2018,38.81999969482422,39.209999084472656,7607500,39.54999923706055,38.880001068115234,37.52552032470703
10-04-2018,39.13999938964844,39.29999923706055,7480300,39.81999969482422,39.59000015258789,38.21078109741211
11-04-2018,39.5099983215332,40.40999984741211,17644400,41.09000015258789,39.83000183105469,38.442420959472656
12-04-2018,39.95000076293945,40.27000045776367,14002500,40.88999938964844,40.529998779296875,39.1180305480957
13-04-2018,39.79999923706055,41.060001373291016,7340900,41.09000015258789,39.900001525878906,38.50999069213867
16-04-2018,39.810001373291016,40.220001220703125,6629200,40.65999984741211,40.189998626708984,38.78987503051758
17-04-2018,40.130001068115234,40.38999938964844,9474500,40.79999923706055,40.61000061035156,39.195247650146484
18-04-2018,41.150001525878906,42.849998474121094,19386300,42.900001525878906,41.75,40.2955322265625
19-04-2018,41.5099983215332,41.529998779296875,9700700,42.25,42.11000061035156,40.64299392700195
20-04-2018,42.060001373291016,42.279998779296875,13731600,43.0,42.20000076293945,40.72985076904297
23-04-2018,41.4900016784668,42.349998474121094,8673100,42.5,41.599998474121094,40.150753021240234
24-04-2018,40.810001373291016,41.849998474121094,7316900,42.18000030517578,41.18000030517578,39.74538803100586
25-04-2018,40.2400016784668,41.11000061035156,11161200,41.279998779296875,40.970001220703125,39.542701721191406
26-04-2018,38.09000015258789,38.84000015258789,21446700,39.06999969482422,38.68000030517578,37.33248519897461
27-04-2018,37.9900016784668,38.68000030517578,15960100,38.88999938964844,38.22999954223633,36.89815139770508
30-04-2018,37.650001525878906,38.290000915527344,10620400,38.619998931884766,37.880001068115234,36.56035232543945
01-05-2018,37.41999816894531,37.75,7301900,37.91999816894531,37.83000183105469,36.5120964050293
02-05-2018,37.08000183105469,37.83000183105469,11027800,37.9900016784668,37.18000030517578,35.884735107421875
03-05-2018,36.810001373291016,37.0,8942700,37.7599983215332,37.63999938964844,36.32870864868164
04-05-2018,37.209999084472656,37.33000183105469,6359300,38.189998626708984,38.0,36.67616653442383
07-05-2018,37.61000061035156,38.08000183105469,6773700,38.25,37.79999923706055,36.48313903808594
08-05-2018,37.47999954223633,37.72999954223633,8953000,38.13999938964844,38.099998474121094,36.77268600463867
09-05-2018,38.18000030517578,38.29999923706055,9597500,38.84000015258789,38.22999954223633,36.89815139770508
10-05-2018,38.09000015258789,38.38999938964844,7215500,38.560001373291016,38.5,37.158748626708984
11-05-2018,38.11000061035156,38.380001068115234,7455900,38.7599983215332,38.2599983215332,36.92711639404297
14-05-2018,38.150001525878906,38.150001525878906,7462800,38.66999816894531,38.38999938964844,37.05257797241211
15-05-2018,37.689998626708984,38.119998931884766,6747200,38.209999084472656,38.08000183105469,36.753387451171875
16-05-2018,37.95000076293945,38.0,11002600,38.56999969482422,38.349998474121094,37.013980865478516
17-05-2018,38.22999954223633,38.22999954223633,6370400,38.84000015258789,38.400001525878906,37.06224060058594
18-05-2018,38.15999984741211,38.29999923706055,6736600,38.58000183105469,38.31999969482422,36.98501968383789
21-05-2018,38.189998626708984,38.4900016784668,6599200,38.81999969482422,38.290000915527344,36.9560661315918
22-05-2018,37.689998626708984,38.400001525878906,9142200,38.4900016784668,37.77000045776367,36.45418930053711
23-05-2018,37.470001220703125,37.61000061035156,7347000,38.060001373291016,38.040000915527344,36.71478271484375
24-05-2018,37.630001068115234,38.029998779296875,6256200,38.2400016784668,37.790000915527344,36.473487854003906
25-05-2018,37.79999923706055,37.84000015258789,8736600,38.290000915527344,37.939998626708984,36.618255615234375
29-05-2018,37.36000061035156,37.72999954223633,8306000,37.880001068115234,37.529998779296875,36.22254943847656
30-05-2018,37.529998779296875,37.779998779296875,7908700,38.119998931884766,37.849998474121094,36.53139114379883
31-05-2018,37.18000030517578,37.779998779296875,10710700,37.810001373291016,37.720001220703125,36.40592575073242
01-06-2018,37.90999984741211,38.060001373291016,7831200,38.849998474121094,38.34000015258789,37.004329681396484
04-06-2018,38.38999938964844,38.470001220703125,8115300,39.130001068115234,39.06999969482422,37.70889663696289
05-06-2018,39.220001220703125,39.22999954223633,11216100,40.470001220703125,40.040000915527344,38.645103454589844
06-06-2018,39.29999923706055,40.06999969482422,6986700,40.11000061035156,39.95000076293945,38.5582389831543
07-06-2018,39.84000015258789,40.060001373291016,11570700,40.86000061035156,40.45000076293945,39.04082107543945
08-06-2018,39.90999984741211,40.2599983215332,6067000,40.40999984741211,40.290000915527344,38.88639450073242
11-06-2018,40.08000183105469,40.27000045776367,5208900,40.7599983215332,40.4900016784668,39.07942581176758
12-06-2018,40.29999923706055,40.630001068115234,8575100,40.75,40.45000076293945,39.04082107543945
13-06-2018,38.869998931884766,40.25,14044000,40.27000045776367,39.33000183105469,37.9598388671875
14-06-2018,38.95000076293945,39.52000045776367,9353400,39.66999816894531,39.0,37.641334533691406
15-06-2018,38.43000030517578,38.91999816894531,12891600,39.0099983215332,38.88999938964844,37.53516387939453
18-06-2018,38.34000015258789,38.5,10077500,39.029998779296875,38.86000061035156,37.50621032714844
19-06-2018,38.279998779296875,38.31999969482422,7190200,39.29999923706055,39.18000030517578,37.8150634765625
20-06-2018,38.959999084472656,39.47999954223633,5750500,39.540000915527344,39.2599983215332,37.892276763916016
21-06-2018,37.86000061035156,39.220001220703125,11587300,39.59000015258789,38.0099983215332,36.68581771850586
22-06-2018,37.650001525878906,38.06999969482422,11808400,38.27000045776367,38.09000015258789,36.763038635253906
25-06-2018,36.779998779296875,37.720001220703125,13382600,37.75,37.11000061035156,35.81718063354492
26-06-2018,36.779998779296875,37.130001068115234,12451300,37.369998931884766,37.06999969482422,35.778564453125
27-06-2018,36.290000915527344,37.02000045776367,9898300,37.29999923706055,36.29999923706055,35.03539276123047
28-06-2018,35.560001373291016,36.18000030517578,11381100,36.369998931884766,36.13999938964844,34.88097381591797
29-06-2018,36.130001068115234,36.279998779296875,6335800,36.540000915527344,36.2599983215332,34.996788024902344
02-07-2018,35.66999816894531,35.90999984741211,6144200,36.68000030517578,36.66999816894531,35.39250946044922
03-07-2018,36.61000061035156,36.88999938964844,3704000,37.209999084472656,36.63999938964844,35.36355209350586
05-07-2018,36.5,36.79999923706055,4653800,37.099998474121094,37.029998779296875,35.739967346191406
06-07-2018,36.75,37.20000076293945,4188500,37.540000915527344,37.38999938964844,36.08742141723633
09-07-2018,37.45000076293945,37.540000915527344,4660700,37.93000030517578,37.90999984741211,36.58930969238281
10-07-2018,36.9900016784668,37.08000183105469,11250700,37.5,37.040000915527344,35.74961853027344
11-07-2018,36.779998779296875,36.93000030517578,8442000,37.43000030517578,36.97999954223633,35.69170379638672
12-07-2018,37.20000076293945,37.459999084472656,9711500,37.779998779296875,37.54999923706055,36.24184036254883
13-07-2018,37.130001068115234,37.54999923706055,7785700,37.66999816894531,37.61000061035156,36.29975891113281
16-07-2018,37.4900016784668,37.65999984741211,11576800,38.060001373291016,37.72999954223633,36.41557693481445
17-07-2018,37.31999969482422,37.43000030517578,9931200,38.150001525878906,37.810001373291016,36.49279022216797
18-07-2018,37.619998931884766,37.779998779296875,15840300,38.34000015258789,37.95000076293945,36.62791442871094
19-07-2018,33.93000030517578,35.16999816894531,50978000,35.650001525878906,34.11000061035156,32.92169189453125
20-07-2018,34.119998931884766,34.41999816894531,20035000,34.90999984741211,34.20000076293945,33.00855255126953
23-07-2018,33.4900016784668,34.060001373291016,15380500,34.150001525878906,33.790000915527344,32.61283493041992
24-07-2018,33.439998626708984,34.02000045776367,10916700,34.060001373291016,33.52000045776367,32.35224533081055
25-07-2018,33.38999938964844,33.41999816894531,12141500,34.040000915527344,33.88999938964844,32.7093505859375
26-07-2018,33.7599983215332,33.810001373291016,9728300,34.63999938964844,34.43000030517578,33.23054122924805
27-07-2018,33.7599983215332,34.630001068115234,10161300,34.84000015258789,33.810001373291016,32.632137298583984
30-07-2018,33.40999984741211,33.720001220703125,10093700,33.959999084472656,33.66999816894531,32.49701690673828
31-07-2018,33.33000183105469,33.77000045776367,9976100,33.959999084472656,33.45000076293945,32.28468322753906
01-08-2018,32.849998474121094,33.349998474121094,8981800,33.45000076293945,33.09000015258789,31.93722915649414
02-08-2018,32.86000061035156,33.0,7235700,33.400001525878906,33.220001220703125,32.06269073486328
03-08-2018,33.16999816894531,33.369998931884766,7154100,33.720001220703125,33.65999984741211,32.487361907958984
06-08-2018,33.56999969482422,33.65999984741211,8119000,34.189998626708984,33.9900016784668,32.80587387084961
07-08-2018,33.720001220703125,34.11000061035156,5722300,34.209999084472656,33.779998779296875,32.60318374633789
08-08-2018,33.630001068115234,33.779998779296875,5504300,33.95000076293945,33.84000015258789,32.661094665527344
09-08-2018,33.7599983215332,33.86000061035156,8115900,34.209999084472656,34.150001525878906,32.96029281616211
10-08-2018,33.43000030517578,33.54999923706055,13198500,34.459999084472656,34.09000015258789,32.90237808227539
13-08-2018,33.869998931884766,34.11000061035156,7984400,34.45000076293945,33.880001068115234,32.69970703125
14-08-2018,33.849998474121094,33.90999984741211,9201000,34.72999954223633,34.400001525878906,33.20158767700195
15-08-2018,33.599998474121094,34.04999923706055,12381500,34.099998474121094,33.86000061035156,32.680397033691406
16-08-2018,33.63999938964844,34.060001373291016,8534500,34.16999816894531,33.77000045776367,32.593536376953125
17-08-2018,33.68000030517578,33.81999969482422,6982400,34.2599983215332,34.0099983215332,32.825172424316406
20-08-2018,33.93000030517578,34.20000076293945,7843900,34.34000015258789,34.02000045776367,32.83482360839844
21-08-2018,34.029998779296875,34.060001373291016,9788800,34.869998931884766,34.529998779296875,33.327056884765625
22-08-2018,34.150001525878906,34.40999984741211,7463100,34.790000915527344,34.70000076293945,33.49113845825195
23-08-2018,34.2400016784668,34.779998779296875,7989400,34.88999938964844,34.400001525878906,33.20158767700195
24-08-2018,34.459999084472656,34.560001373291016,5412500,34.880001068115234,34.529998779296875,33.327056884765625
27-08-2018,34.52000045776367,34.619998931884766,7464800,34.790000915527344,34.58000183105469,33.37531661987305
28-08-2018,34.459999084472656,34.7400016784668,5877600,34.790000915527344,34.7400016784668,33.52973937988281
29-08-2018,34.75,34.779998779296875,5934400,35.290000915527344,34.93000030517578,33.71312713623047
30-08-2018,34.619998931884766,34.84000015258789,4985500,34.9900016784668,34.79999923706055,33.58765411376953
31-08-2018,34.560001373291016,34.720001220703125,7944100,35.060001373291016,34.61000061035156,33.404273986816406
04-09-2018,34.36000061035156,34.400001525878906,6743300,34.90999984741211,34.79999923706055,33.58765411376953
05-09-2018,34.0,34.63999938964844,8820700,34.689998626708984,34.130001068115234,32.94099807739258
06-09-2018,33.279998779296875,34.08000183105469,9240100,34.31999969482422,33.65999984741211,32.487361907958984
07-09-2018,33.13999938964844,33.400001525878906,6445200,34.02000045776367,33.9900016784668,32.80587387084961
10-09-2018,33.59000015258789,34.13999938964844,7787600,34.20000076293945,33.709999084472656,32.53562545776367
11-09-2018,33.58000183105469,33.810001373291016,4970600,34.209999084472656,34.11000061035156,32.92169189453125
12-09-2018,33.75,33.97999954223633,6035900,34.41999816894531,34.2599983215332,33.06645965576172
13-09-2018,34.29999923706055,34.43000030517578,6716800,34.849998474121094,34.439998626708984,33.24019241333008
14-09-2018,33.959999084472656,34.5,5376400,34.54999923706055,34.099998474121094,32.91203689575195
17-09-2018,34.02000045776367,34.029998779296875,6722700,34.38999938964844,34.20000076293945,33.00855255126953
18-09-2018,34.09000015258789,34.209999084472656,8724500,34.540000915527344,34.119998931884766,32.93134307861328
19-09-2018,34.0099983215332,34.0099983215332,13455600,34.369998931884766,34.220001220703125,33.027862548828125
20-09-2018,33.83000183105469,34.279998779296875,15877000,34.310001373291016,34.2400016784668,33.04716491699219
21-09-2018,33.95000076293945,34.31999969482422,24875000,34.459999084472656,34.040000915527344,32.85413360595703
24-09-2018,33.630001068115234,33.83000183105469,8746500,33.95000076293945,33.720001220703125,32.54527282714844
25-09-2018,32.599998474121094,33.56999969482422,20479000,33.720001220703125,32.7599983215332,31.61872100830078
26-09-2018,32.709999084472656,32.709999084472656,14007000,34.099998474121094,33.58000183105469,32.410160064697266
27-09-2018,33.150001525878906,33.56999969482422,7374800,33.7400016784668,33.34000015258789,32.17851257324219
28-09-2018,32.72999954223633,33.209999084472656,8467200,33.34000015258789,33.02000045776367,31.869661331176758
01-10-2018,32.459999084472656,33.099998474121094,11990700,33.150001525878906,32.5099983215332,31.37742805480957
02-10-2018,32.34000015258789,32.5,10174300,32.779998779296875,32.560001373291016,31.425691604614258
03-10-2018,32.709999084472656,32.77000045776367,11075500,33.130001068115234,32.75,31.60906982421875
04-10-2018,32.380001068115234,32.65999984741211,12293000,32.93000030517578,32.630001068115234,31.493247985839844
05-10-2018,32.099998474121094,32.650001525878906,9361100,32.72999954223633,32.2400016784668,31.116838455200195
08-10-2018,32.099998474121094,32.16999816894531,8036100,33.04999923706055,32.58000183105469,31.44499397277832
09-10-2018,32.290000915527344,32.560001373291016,27415000,34.599998474121094,33.279998779296875,32.120601654052734
10-10-2018,31.65999984741211,33.09000015258789,14292200,33.18000030517578,31.670000076293945,30.566692352294922
11-10-2018,30.760000228881836,31.780000686645508,14477800,31.799999237060547,31.399999618530273,30.30609893798828
12-10-2018,31.149999618530273,31.920000076293945,7910500,31.920000076293945,31.719999313354492,30.614946365356445
15-10-2018,31.40999984741211,31.540000915527344,5036400,32.150001525878906,31.860000610351562,30.75007438659668
16-10-2018,31.709999084472656,31.719999313354492,7111500,32.34000015258789,32.25,31.12648582458496
17-10-2018,31.5,32.22999954223633,10845300,32.38999938964844,32.02000045776367,30.904504776000977
18-10-2018,31.299999237060547,31.889999389648438,8705300,31.989999771118164,31.549999237060547,30.45087432861328
19-10-2018,28.3700008392334,29.469999313354492,39779400,29.579999923706055,28.75,27.7484188079834
22-10-2018,28.09000015258789,28.469999313354492,17677200,28.90999984741211,28.489999771118164,27.497478485107422
23-10-2018,27.610000610351562,27.75,12577500,28.360000610351562,28.190000534057617,27.207927703857422
24-10-2018,27.239999771118164,28.110000610351562,16309300,28.3799991607666,27.290000915527344,26.33928108215332
25-10-2018,27.549999237060547,27.65999984741211,12239600,28.299999237060547,28.059999465942383,27.082460403442383
26-10-2018,26.959999084472656,27.239999771118164,16691700,27.920000076293945,27.34000015258789,26.38753890991211
29-10-2018,26.360000610351562,27.719999313354492,18291800,27.799999237060547,26.81999969482422,25.885656356811523
30-10-2018,26.780000686645508,26.899999618530273,19994400,27.670000076293945,27.420000076293945,26.464752197265625
31-10-2018,27.770000457763672,29.299999237060547,28518100,29.489999771118164,29.030000686645508,28.01866340637207
01-11-2018,29.0,29.079999923706055,18717300,30.0,29.520000457763672,28.491596221923828
02-11-2018,29.309999465942383,29.520000457763672,16427500,30.079999923706055,29.8700008392334,28.82940101623535
05-11-2018,29.329999923706055,29.90999984741211,10724200,30.059999465942383,29.639999389648438,28.607410430908203
06-11-2018,29.459999084472656,29.59000015258789,12821600,30.260000228881836,29.950000762939453,28.906612396240234
07-11-2018,29.59000015258789,30.09000015258789,18347500,30.18000030517578,29.860000610351562,28.819753646850586
08-11-2018,29.520000457763672,29.739999771118164,10837900,29.969999313354492,29.84000015258789,28.800443649291992
09-11-2018,29.579999923706055,29.6200008392334,8713100,29.950000762939453,29.6299991607666,28.597759246826172
12-11-2018,28.90999984741211,29.579999923706055,10966400,29.700000762939453,28.959999084472656,27.951101303100586
13-11-2018,27.790000915527344,28.799999237060547,17743900,28.799999237060547,28.100000381469727,27.121063232421875
14-11-2018,27.8700008392334,28.200000762939453,12131000,28.34000015258789,27.889999389648438,26.918376922607422
15-11-2018,27.549999237060547,27.799999237060547,12345600,28.469999313354492,28.170000076293945,27.18862533569336
16-11-2018,27.8799991607666,28.0,12513700,28.350000381469727,28.1200008392334,27.140369415283203
19-11-2018,27.799999237060547,28.020000457763672,11562100,28.329999923706055,27.959999084472656,26.98594093322754
20-11-2018,27.600000381469727,27.700000762939453,15882600,28.6299991607666,28.15999984741211,27.178970336914062
21-11-2018,28.25,28.540000915527344,12092800,28.760000228881836,28.34000015258789,27.352703094482422
23-11-2018,28.18000030517578,28.18000030517578,7229000,29.049999237060547,28.440000534057617,27.449220657348633
26-11-2018,28.530000686645508,28.799999237060547,11018000,29.020000457763672,28.799999237060547,27.79667854309082
27-11-2018,28.40999984741211,28.579999923706055,9823500,28.8799991607666,28.739999771118164,27.738767623901367
28-11-2018,28.709999084472656,28.799999237060547,22025700,29.84000015258789,29.760000228881836,28.723234176635742
29-11-2018,29.31999969482422,29.56999969482422,8839400,29.8799991607666,29.520000457763672,28.491596221923828
30-11-2018,29.260000228881836,29.469999313354492,19709500,29.8799991607666,29.850000381469727,28.81009864807129
03-12-2018,29.81999969482422,30.170000076293945,18952800,30.360000610351562,30.200000762939453,29.147905349731445
04-12-2018,29.139999389648438,30.059999465942383,17330100,30.329999923706055,29.260000228881836,28.24065399169922
06-12-2018,28.770000457763672,28.8799991607666,15521800,29.540000915527344,29.469999313354492,28.443334579467773
07-12-2018,28.90999984741211,29.43000030517578,11785300,29.90999984741211,29.059999465942383,28.047616958618164
10-12-2018,28.719999313354492,29.15999984741211,10646400,29.290000915527344,28.979999542236328,27.97040557861328
11-12-2018,28.940000534057617,29.399999618530273,12570800,29.549999237060547,29.049999237060547,28.037965774536133
12-12-2018,28.25,28.5,12840500,29.489999771118164,29.040000915527344,28.028316497802734
13-12-2018,28.770000457763672,29.200000762939453,12261800,29.309999465942383,29.020000457763672,28.00901222229004
14-12-2018,28.75,28.790000915527344,11101100,29.139999389648438,28.90999984741211,27.90284538269043
17-12-2018,28.360000610351562,28.780000686645508,16640200,29.0,28.479999542236328,27.487825393676758
18-12-2018,28.420000076293945,28.559999465942383,13869600,28.780000686645508,28.5,27.507129669189453
19-12-2018,28.079999923706055,28.489999771118164,18442300,29.229999542236328,28.299999237060547,27.31409454345703
20-12-2018,27.579999923706055,28.200000762939453,21710600,28.520000457763672,27.989999771118164,27.014896392822266
21-12-2018,26.299999237060547,28.020000457763672,32178400,28.34000015258789,26.579999923706055,25.654016494750977
24-12-2018,26.139999389648438,26.549999237060547,6216100,26.920000076293945,26.139999389648438,25.22934341430664
26-12-2018,26.010000228881836,26.350000381469727,11503400,27.8799991607666,27.850000381469727,26.87977409362793
27-12-2018,27.020000457763672,27.479999542236328,9769900,28.040000915527344,28.030000686645508,27.05350112915039
28-12-2018,28.020000457763672,28.110000610351562,8781000,28.639999389648438,28.239999771118164,27.256187438964844
31-12-2018,27.889999389648438,28.3799991607666,7629300,28.5,28.06999969482422,27.092105865478516
02-01-2019,27.559999465942383,27.649999618530273,11190300,28.959999084472656,28.850000381469727,27.844934463500977
03-01-2019,28.280000686645508,28.6299991607666,10803900,28.81999969482422,28.31999969482422,27.33340072631836
04-01-2019,28.329999923706055,28.600000381469727,14593700,29.079999923706055,28.969999313354492,27.96075439453125
07-01-2019,28.93000030517578,28.959999084472656,13419400,29.649999618530273,29.469999313354492,28.443334579467773
08-01-2019,29.399999618530273,29.739999771118164,8179700,30.079999923706055,30.0,28.95487403869629
09-01-2019,29.739999771118164,29.989999771118164,10607500,30.399999618530273,30.290000915527344,29.234769821166992
10-01-2019,30.010000228881836,30.1299991607666,8741400,30.639999389648438,30.56999969482422,29.505014419555664
11-01-2019,29.420000076293945,30.149999618530273,13390900,30.540000915527344,30.40999984741211,29.3505859375
14-01-2019,29.989999771118164,30.18000030517578,7523000,30.280000686645508,30.209999084472656,29.157554626464844
15-01-2019,30.270000457763672,30.299999237060547,7154900,30.75,30.670000076293945,29.601530075073242
16-01-2019,30.270000457763672,30.65999984741211,12725700,30.700000762939453,30.290000915527344,29.234769821166992
17-01-2019,30.059999465942383,30.149999618530273,12818500,30.549999237060547,30.3799991607666,29.321632385253906
18-01-2019,30.440000534057617,30.610000610351562,13839700,31.020000457763672,31.0,29.920032501220703
22-01-2019,32.72999954223633,34.34000015258789,56378700,34.75,32.900001525878906,31.75385093688965
23-01-2019,32.459999084472656,33.400001525878906,19280600,33.529998779296875,32.61000061035156,31.473947525024414
24-01-2019,32.33000183105469,32.70000076293945,11974800,32.86000061035156,32.650001525878906,31.512554168701172
25-01-2019,32.79999923706055,32.95000076293945,17028800,33.7599983215332,33.720001220703125,32.54527282714844
28-01-2019,33.400001525878906,33.4900016784668,22325500,34.22999954223633,34.02000045776367,32.83482360839844
29-01-2019,33.540000915527344,34.369998931884766,19304100,34.43000030517578,33.689998626708984,32.51632308959961
30-01-2019,32.880001068115234,33.970001220703125,27338600,34.31999969482422,34.08000183105469,32.892738342285156
31-01-2019,32.77000045776367,33.7599983215332,24996900,33.9900016784668,33.650001525878906,32.47771072387695
01-02-2019,33.630001068115234,33.75,19113800,34.47999954223633,34.310001373291016,33.114723205566406
04-02-2019,34.20000076293945,34.54999923706055,19798500,35.20000076293945,35.04999923706055,33.828941345214844
05-02-2019,35.06999969482422,35.27000045776367,13738200,35.529998779296875,35.33000183105469,34.09918975830078
06-02-2019,35.0,35.119998931884766,11340000,35.709999084472656,35.47999954223633,34.24395751953125
07-02-2019,34.81999969482422,35.220001220703125,9211000,35.38999938964844,35.25,34.02197265625
08-02-2019,34.90999984741211,35.0,10228000,35.31999969482422,35.2599983215332,34.031620025634766
11-02-2019,35.31999969482422,35.47999954223633,9638400,35.900001525878906,35.59000015258789,34.35013198852539
12-02-2019,35.209999084472656,35.59000015258789,12684800,36.27000045776367,36.189998626708984,34.929222106933594
13-02-2019,36.15999984741211,36.209999084472656,7378000,36.540000915527344,36.2599983215332,34.996788024902344
14-02-2019,35.97999954223633,36.040000915527344,6874500,36.560001373291016,36.31999969482422,35.0546989440918
15-02-2019,36.41999816894531,36.61000061035156,10273100,36.83000183105469,36.58000183105469,35.305641174316406
19-02-2019,36.459999084472656,36.54999923706055,12312100,37.130001068115234,37.04999923706055,35.7592658996582
20-02-2019,36.689998626708984,37.02000045776367,11698700,37.25,36.7400016784668,35.4600715637207
21-02-2019,36.5,36.630001068115234,8151600,37.130001068115234,36.97999954223633,35.69170379638672
22-02-2019,36.970001220703125,36.9900016784668,6820600,37.5,37.4900016784668,36.18393325805664
25-02-2019,37.310001373291016,37.75,10147800,37.88999938964844,37.34000015258789,36.03916549682617
26-02-2019,37.060001373291016,37.34000015258789,12788000,37.54999923706055,37.380001068115234,36.07777404785156
27-02-2019,37.279998779296875,37.45000076293945,10571100,38.02000045776367,37.58000183105469,36.27080154418945
28-02-2019,37.099998474121094,37.5,7462700,37.5,37.150001525878906,35.98986053466797
01-03-2019,37.18000030517578,38.36000061035156,17271800,39.13999938964844,37.349998474121094,36.18361282348633
04-03-2019,36.70000076293945,37.47999954223633,11304000,37.58000183105469,37.25,36.086734771728516
05-03-2019,37.11000061035156,37.20000076293945,12174400,37.4900016784668,37.119998931884766,35.96079635620117
06-03-2019,36.79999923706055,37.13999938964844,10885400,37.540000915527344,36.810001373291016,35.66048049926758
07-03-2019,36.08000183105469,36.72999954223633,14928000,36.779998779296875,36.209999084472656,35.0792121887207
08-03-2019,35.5099983215332,36.02000045776367,16417000,36.02000045776367,35.88999938964844,34.76920700073242
11-03-2019,35.81999969482422,35.93000030517578,15306400,36.34000015258789,36.25,35.11796951293945
12-03-2019,36.11000061035156,36.439998626708984,10660900,36.4900016784668,36.279998779296875,35.14702224731445
13-03-2019,36.15999984741211,36.29999923706055,13247800,36.7400016784668,36.459999084472656,35.321407318115234
14-03-2019,36.16999816894531,36.380001068115234,10560900,36.619998931884766,36.349998474121094,35.21484375
15-03-2019,36.02000045776367,36.349998474121094,24454100,36.58000183105469,36.29999923706055,35.166404724121094
18-03-2019,36.18000030517578,36.310001373291016,9328100,36.58000183105469,36.27000045776367,35.1373405456543
19-03-2019,36.400001525878906,36.459999084472656,14686900,37.20000076293945,36.869998931884766,35.71860122680664
20-03-2019,36.56999969482422,36.7599983215332,11905400,36.90999984741211,36.70000076293945,35.55390930175781
21-03-2019,36.58000183105469,36.7400016784668,10661100,37.38999938964844,37.20000076293945,36.038299560546875
22-03-2019,36.4900016784668,37.060001373291016,8449100,37.439998626708984,36.650001525878906,35.50547409057617
25-03-2019,36.279998779296875,36.59000015258789,5482100,36.810001373291016,36.720001220703125,35.57329177856445
26-03-2019,36.63999938964844,36.91999816894531,7926700,37.09000015258789,36.900001525878906,35.7476692199707
27-03-2019,36.58000183105469,36.95000076293945,8223000,37.09000015258789,36.83000183105469,35.67985534667969
28-03-2019,36.619998931884766,36.91999816894531,9806800,37.43000030517578,36.779998779296875,35.63141632080078
29-03-2019,36.869998931884766,36.95000076293945,8636400,37.16999816894531,37.13999938964844,35.98017120361328
01-04-2019,37.36000061035156,37.40999984741211,6664100,37.77000045776367,37.68000030517578,36.5033073425293
02-04-2019,37.619998931884766,37.79999923706055,7396500,38.18000030517578,37.91999816894531,36.735816955566406
03-04-2019,37.86000061035156,38.18000030517578,10032400,38.2400016784668,37.9900016784668,36.80363082885742
04-04-2019,37.83000183105469,37.880001068115234,6372500,38.18000030517578,38.04999923706055,36.86175537109375
05-04-2019,37.7400016784668,38.11000061035156,7907400,38.33000183105469,37.84000015258789,36.6583137512207
08-04-2019,37.70000076293945,37.790000915527344,6982600,37.9900016784668,37.810001373291016,36.62924575805664
09-04-2019,37.470001220703125,37.63999938964844,7140800,37.86000061035156,37.75,36.57112503051758
10-04-2019,37.459999084472656,37.86000061035156,7057400,37.86000061035156,37.720001220703125,36.54206085205078
11-04-2019,35.88999938964844,37.630001068115234,19483300,37.630001068115234,36.31999969482422,35.1857795715332
12-04-2019,35.9900016784668,36.59000015258789,14267400,36.720001220703125,36.16999816894531,35.040462493896484
15-04-2019,36.02000045776367,36.25,9688300,36.470001220703125,36.22999954223633,35.098594665527344
16-04-2019,36.279998779296875,36.34000015258789,7046300,36.56999969482422,36.38999938964844,35.25358963012695
17-04-2019,35.720001220703125,36.459999084472656,12860000,36.75,35.970001220703125,34.846710205078125
18-04-2019,35.439998626708984,36.09000015258789,12335000,36.16999816894531,35.97999954223633,34.85639572143555
22-04-2019,35.61000061035156,35.91999816894531,7243900,36.22999954223633,36.150001525878906,35.02109146118164
23-04-2019,36.040000915527344,36.06999969482422,14144300,36.790000915527344,36.66999816894531,35.52485275268555
24-04-2019,37.560001373291016,38.0,21206400,38.7400016784668,38.52000045776367,37.31707000732422
25-04-2019,37.7400016784668,38.36000061035156,7937300,38.5099983215332,38.11000061035156,36.91987609863281
26-04-2019,38.02000045776367,38.25,9212000,38.4900016784668,38.36000061035156,37.162071228027344
29-04-2019,37.880001068115234,38.349998474121094,8028100,38.380001068115234,38.25,37.055511474609375
30-04-2019,37.959999084472656,38.27000045776367,8321400,38.79999923706055,38.75,37.53989791870117
01-05-2019,37.77000045776367,38.779998779296875,9686500,38.939998626708984,37.79999923706055,36.61956024169922
02-05-2019,37.529998779296875,37.790000915527344,10378400,38.18000030517578,37.59000015258789,36.41612243652344
03-05-2019,37.86000061035156,37.95000076293945,8775000,38.29999923706055,38.279998779296875,37.084571838378906
06-05-2019,37.59000015258789,37.63999938964844,6504700,38.060001373291016,37.880001068115234,36.69706344604492
07-05-2019,37.36000061035156,37.61000061035156,7808500,37.849998474121094,37.68000030517578,36.5033073425293
08-05-2019,37.290000915527344,37.68000030517578,5943700,37.7400016784668,37.540000915527344,36.3676872253418
09-05-2019,36.959999084472656,37.25,6454700,37.849998474121094,37.619998931884766,36.445186614990234
10-05-2019,36.709999084472656,37.47999954223633,8920100,37.58000183105469,37.380001068115234,36.21268081665039
13-05-2019,35.72999954223633,36.54999923706055,12425800,36.7400016784668,35.869998931884766,34.74983215332031
14-05-2019,35.869998931884766,35.95000076293945,11137800,37.2599983215332,36.79999923706055,35.650787353515625
15-05-2019,36.52000045776367,36.630001068115234,7461000,37.18000030517578,37.040000915527344,35.88330078125
16-05-2019,37.040000915527344,37.13999938964844,8123300,37.63999938964844,37.27000045776367,36.106109619140625
17-05-2019,36.599998474121094,36.88999938964844,9273600,37.27000045776367,36.900001525878906,35.7476692199707
20-05-2019,36.40999984741211,36.5,7379300,36.95000076293945,36.560001373291016,35.41828536987305
21-05-2019,36.439998626708984,36.709999084472656,6438600,36.869998931884766,36.58000183105469,35.437660217285156
22-05-2019,36.130001068115234,36.470001220703125,7066300,36.59000015258789,36.310001373291016,35.176090240478516
23-05-2019,35.59000015258789,36.060001373291016,8753700,36.290000915527344,35.95000076293945,34.827335357666016
24-05-2019,35.810001373291016,36.13999938964844,5298700,36.380001068115234,36.130001068115234,35.001712799072266
28-05-2019,36.13999938964844,36.22999954223633,7201400,36.68000030517578,36.220001220703125,35.08890151977539
29-05-2019,35.779998779296875,35.959999084472656,7874300,36.22999954223633,36.099998474121094,34.97264862060547
30-05-2019,35.97999954223633,36.09000015258789,6490000,36.70000076293945,36.380001068115234,35.38111877441406
31-05-2019,35.7400016784668,36.029998779296875,7261400,36.13999938964844,35.93000030517578,34.94347381591797
03-06-2019,35.45000076293945,35.849998474121094,9491500,36.09000015258789,35.619998931884766,34.6419792175293
04-06-2019,35.849998474121094,35.869998931884766,10785000,36.810001373291016,36.540000915527344,35.53672790527344
05-06-2019,36.040000915527344,36.86000061035156,11404100,36.869998931884766,36.560001373291016,35.55617141723633
06-06-2019,36.45000076293945,36.54999923706055,5982300,36.81999969482422,36.810001373291016,35.79930877685547
07-06-2019,36.90999984741211,36.93000030517578,11904800,38.0,37.5099983215332,36.4800910949707
10-06-2019,37.54999923706055,37.65999984741211,8884300,38.400001525878906,38.119998931884766,37.07333755493164
11-06-2019,37.849998474121094,38.40999984741211,7350500,38.59000015258789,38.22999954223633,37.180320739746094
12-06-2019,38.029998779296875,38.099998474121094,9266500,39.060001373291016,39.02000045776367,37.948631286621094
13-06-2019,38.91999816894531,39.119998931884766,9103300,39.439998626708984,39.0,37.92918014526367
14-06-2019,38.86000061035156,39.13999938964844,7550100,39.31999969482422,38.90999984741211,37.841651916503906
17-06-2019,38.720001220703125,38.939998626708984,11564700,39.31999969482422,39.0099983215332,37.93890380859375
18-06-2019,39.2400016784668,39.400001525878906,9352800,39.93000030517578,39.66999816894531,38.580780029296875
19-06-2019,39.599998474121094,39.779998779296875,6520000,40.220001220703125,40.130001068115234,39.02815628051758
20-06-2019,39.880001068115234,40.540000915527344,11852200,40.54999923706055,39.91999816894531,38.823917388916016
21-06-2019,39.630001068115234,39.91999816894531,20769600,40.209999084472656,40.04999923706055,38.950347900390625
24-06-2019,39.63999938964844,40.02000045776367,7365600,40.18000030517578,39.709999084472656,38.61968231201172
25-06-2019,38.91999816894531,39.779998779296875,7834000,39.779998779296875,39.02000045776367,37.948631286621094
26-06-2019,39.04999923706055,39.130001068115234,4739400,39.369998931884766,39.20000076293945,38.12369155883789
27-06-2019,39.2599983215332,39.349998474121094,8254200,39.58000183105469,39.290000915527344,38.21122360229492
28-06-2019,39.11000061035156,39.33000183105469,14763400,39.560001373291016,39.5,38.41545486450195
01-07-2019,39.58000183105469,39.970001220703125,4879400,39.9900016784668,39.88999938964844,38.794742584228516
02-07-2019,39.709999084472656,39.90999984741211,6368100,40.189998626708984,40.08000183105469,38.979530334472656
03-07-2019,39.849998474121094,40.130001068115234,3419500,40.22999954223633,39.900001525878906,38.80447006225586
05-07-2019,39.459999084472656,39.7599983215332,3862400,40.0,39.79999923706055,38.707218170166016
08-07-2019,39.400001525878906,39.709999084472656,5477000,39.79999923706055,39.540000915527344,38.4543571472168
09-07-2019,39.52000045776367,39.58000183105469,5962900,39.97999954223633,39.939998626708984,38.8433723449707
10-07-2019,39.65999984741211,40.189998626708984,5443700,40.380001068115234,40.0099983215332,38.91144943237305
11-07-2019,39.279998779296875,39.86000061035156,5831200,39.939998626708984,39.599998474121094,38.51270294189453
12-07-2019,39.599998474121094,39.70000076293945,5286700,40.099998474121094,40.060001373291016,38.960086822509766
15-07-2019,39.7400016784668,40.09000015258789,5660400,40.31999969482422,40.27000045776367,39.164310455322266
16-07-2019,39.630001068115234,40.11000061035156,7612000,40.16999816894531,39.91999816894531,38.823917388916016
17-07-2019,38.93000030517578,39.9900016784668,15260600,41.11000061035156,39.029998779296875,37.958351135253906
18-07-2019,39.02000045776367,41.11000061035156,27078000,42.0,39.77000045776367,38.678043365478516
19-07-2019,39.470001220703125,39.849998474121094,13045800,40.33000183105469,40.209999084472656,39.105960845947266
22-07-2019,40.18000030517578,40.2599983215332,9627200,41.06999969482422,40.66999816894531,39.55332565307617
23-07-2019,40.68000030517578,40.880001068115234,8740500,41.15999984741211,41.029998779296875,39.9034423828125
24-07-2019,40.779998779296875,40.869998931884766,6391500,41.18000030517578,41.029998779296875,39.9034423828125
25-07-2019,40.7400016784668,41.040000915527344,5249000,41.150001525878906,40.810001373291016,39.689483642578125
26-07-2019,40.81999969482422,40.93000030517578,8385600,41.38999938964844,41.22999954223633,40.09795379638672
29-07-2019,41.119998931884766,41.279998779296875,7852000,41.650001525878906,41.56999969482422,40.42861557006836
30-07-2019,41.06999969482422,41.29999923706055,6328000,41.5,41.380001068115234,40.243839263916016
31-07-2019,40.630001068115234,41.29999923706055,8815000,41.540000915527344,41.189998626708984,40.059043884277344
01-08-2019,40.779998779296875,41.36000061035156,10690100,41.9900016784668,41.099998474121094,39.97152328491211
02-08-2019,40.2599983215332,40.900001525878906,6246400,40.959999084472656,40.58000183105469,39.46580123901367
05-08-2019,38.540000915527344,40.0,7702800,40.15999984741211,38.810001373291016,37.7443962097168
06-08-2019,38.880001068115234,39.209999084472656,8461700,39.72999954223633,39.689998626708984,38.60023880004883
07-08-2019,38.849998474121094,39.220001220703125,5576500,39.810001373291016,39.720001220703125,38.629417419433594
08-08-2019,39.959999084472656,40.0,6915800,41.2599983215332,41.25,40.117408752441406
09-08-2019,40.189998626708984,41.0,6291100,41.08000183105469,40.310001373291016,39.20321273803711
12-08-2019,39.41999816894531,39.970001220703125,4205000,40.04999923706055,39.7400016784668,38.648860931396484
13-08-2019,39.83000183105469,39.90999984741211,5615100,41.029998779296875,40.97999954223633,39.85481643676758
14-08-2019,39.54999923706055,40.09000015258789,7416400,40.380001068115234,39.63999938964844,38.55160903930664
15-08-2019,39.04999923706055,39.900001525878906,6698100,39.959999084472656,39.439998626708984,38.35710144042969
16-08-2019,39.630001068115234,39.810001373291016,4102800,40.06999969482422,40.02000045776367,38.92117691040039
19-08-2019,40.31999969482422,40.560001373291016,6552100,40.790000915527344,40.38999938964844,39.28101348876953
20-08-2019,39.97999954223633,40.2400016784668,5346800,40.349998474121094,40.029998779296875,38.93090057373047
21-08-2019,40.22999954223633,40.470001220703125,5554900,40.529998779296875,40.380001068115234,39.27128982543945
22-08-2019,39.79999923706055,40.560001373291016,4950300,40.56999969482422,40.0,38.9017219543457
23-08-2019,38.54999923706055,39.779998779296875,7527000,39.790000915527344,38.70000076293945,37.637420654296875
26-08-2019,38.900001525878906,39.13999938964844,6570200,39.41999816894531,39.400001525878906,38.31819534301758
27-08-2019,38.709999084472656,39.5099983215332,9124900,39.7599983215332,39.0,37.92918014526367
28-08-2019,38.779998779296875,38.869998931884766,10721200,40.2599983215332,40.09000015258789,38.989253997802734
29-08-2019,40.279998779296875,40.5099983215332,7188200,40.810001373291016,40.529998779296875,39.41717529296875
30-08-2019,40.18000030517578,40.72999954223633,4472700,40.7400016784668,40.290000915527344,39.319580078125
03-09-2019,39.599998474121094,40.04999923706055,5513600,40.380001068115234,39.7400016784668,38.78282928466797
04-09-2019,39.029998779296875,39.66999816894531,7488700,39.880001068115234,39.63999938964844,38.68523406982422
05-09-2019,39.939998626708984,40.02000045776367,7084000,40.86000061035156,40.79999923706055,39.81729507446289
06-09-2019,40.34000015258789,40.939998626708984,5724000,41.08000183105469,40.369998931884766,39.39765548706055
09-09-2019,40.400001525878906,40.529998779296875,9028900,41.40999984741211,41.400001525878906,40.40285110473633
10-09-2019,40.029998779296875,41.04999923706055,6707600,41.189998626708984,40.27000045776367,39.30006408691406
11-09-2019,39.66999816894531,40.18000030517578,6195900,40.2599983215332,39.900001525878906,38.93897247314453
12-09-2019,39.95000076293945,40.15999984741211,4927000,40.540000915527344,40.290000915527344,39.319580078125
13-09-2019,40.209999084472656,40.40999984741211,5438100,40.79999923706055,40.369998931884766,39.39765548706055
16-09-2019,39.66999816894531,39.75,5754400,40.38999938964844,40.29999923706055,39.32933807373047
17-09-2019,39.83000183105469,40.18000030517578,6358800,40.65999984741211,40.529998779296875,39.553802490234375
18-09-2019,39.779998779296875,40.529998779296875,4307900,40.619998931884766,40.36000061035156,39.38789749145508
19-09-2019,40.33000183105469,40.400001525878906,4005200,40.79999923706055,40.400001525878906,39.42692947387695
20-09-2019,40.13999938964844,40.54999923706055,12088600,40.869998931884766,40.36000061035156,39.38789749145508
23-09-2019,40.02000045776367,40.369998931884766,3871200,40.47999954223633,40.2400016784668,39.27078628540039
24-09-2019,39.459999084472656,40.380001068115234,7437500,40.66999816894531,39.560001373291016,38.60715866088867
25-09-2019,38.349998474121094,38.91999816894531,12200900,39.5,39.2400016784668,38.29486846923828
26-09-2019,38.849998474121094,39.09000015258789,7360700,39.47999954223633,38.91999816894531,37.98257827758789
27-09-2019,38.099998474121094,38.709999084472656,10636800,38.88999938964844,38.369998931884766,37.44581985473633
30-09-2019,38.40999984741211,38.56999969482422,6149200,39.04999923706055,38.97999954223633,38.0411262512207
01-10-2019,38.470001220703125,38.9900016784668,5645100,39.470001220703125,38.540000915527344,37.611732482910156
02-10-2019,37.9900016784668,38.349998474121094,6159400,38.56999969482422,38.16999816894531,37.250640869140625
03-10-2019,37.45000076293945,38.04999923706055,7178300,38.04999923706055,37.95000076293945,37.03594207763672
04-10-2019,37.959999084472656,38.09000015258789,4602400,38.380001068115234,38.310001373291016,37.387264251708984
07-10-2019,37.7599983215332,38.040000915527344,6060400,38.189998626708984,37.81999969482422,36.90907669067383
08-10-2019,37.22999954223633,37.470001220703125,7128600,37.72999954223633,37.31999969482422,36.421119689941406
09-10-2019,37.52000045776367,37.619998931884766,6792800,38.0,37.849998474121094,36.9383430480957
10-10-2019,37.7599983215332,37.77000045776367,4984400,38.2599983215332,37.93000030517578,37.01641845703125
11-10-2019,38.43000030517578,38.43000030517578,5047000,38.9900016784668,38.54999923706055,37.62148666381836
14-10-2019,38.34000015258789,38.540000915527344,6894700,38.630001068115234,38.36000061035156,37.436065673828125
15-10-2019,38.349998474121094,38.369998931884766,4792100,39.040000915527344,38.880001068115234,37.94354248046875
16-10-2019,38.59000015258789,38.63999938964844,5314800,39.189998626708984,38.91999816894531,37.98257827758789
17-10-2019,38.9900016784668,39.15999984741211,5684500,39.380001068115234,39.09000015258789,38.14848327636719
18-10-2019,38.7400016784668,39.209999084472656,6274300,39.349998474121094,38.81999969482422,37.88498306274414
21-10-2019,38.91999816894531,38.959999084472656,4786900,39.29999923706055,39.2599983215332,38.314388275146484
22-10-2019,38.880001068115234,39.22999954223633,5295700,39.36000061035156,38.939998626708984,38.0020866394043
23-10-2019,38.36000061035156,38.66999816894531,6817800,39.33000183105469,39.20000076293945,38.25583267211914
24-10-2019,35.189998626708984,35.77000045776367,19482100,36.650001525878906,35.619998931884766,34.762054443359375
25-10-2019,35.400001525878906,35.54999923706055,14034400,36.0,35.84000015258789,34.97676086425781
28-10-2019,35.81999969482422,35.81999969482422,7941700,36.25,35.939998626708984,35.0743522644043
29-10-2019,35.720001220703125,35.900001525878906,8275400,36.27000045776367,36.11000061035156,35.240257263183594
30-10-2019,35.689998626708984,36.150001525878906,5435300,36.189998626708984,35.86000061035156,34.996280670166016
31-10-2019,35.130001068115234,35.689998626708984,6921500,35.86000061035156,35.25,34.40097427368164
01-11-2019,35.09000015258789,35.5,8236500,35.59000015258789,35.25,34.40097427368164
04-11-2019,35.209999084472656,35.25,7120100,35.52000045776367,35.40999984741211,34.5571174621582
05-11-2019,35.310001373291016,35.5,6434700,35.7599983215332,35.47999954223633,34.62542724609375
06-11-2019,35.27000045776367,35.630001068115234,9225800,35.66999816894531,35.5,34.64494705200195
07-11-2019,34.779998779296875,35.5099983215332,10966200,35.619998931884766,34.88999938964844,34.04964065551758
08-11-2019,34.68000030517578,34.7400016784668,10560700,35.2599983215332,35.13999938964844,34.29362487792969
11-11-2019,34.93000030517578,35.02000045776367,3930600,35.310001373291016,35.25,34.40097427368164
12-11-2019,34.970001220703125,35.290000915527344,6182600,35.369998931884766,35.06999969482422,34.22530746459961
13-11-2019,34.540000915527344,34.849998474121094,6190800,34.93000030517578,34.63999938964844,33.8056640625
14-11-2019,34.52000045776367,34.560001373291016,6029200,35.099998474121094,34.959999084472656,34.117958068847656
15-11-2019,35.189998626708984,35.380001068115234,6301800,35.58000183105469,35.27000045776367,34.42048645019531
18-11-2019,35.0,35.13999938964844,7639100,35.400001525878906,35.099998474121094,34.254581451416016
19-11-2019,34.97999954223633,35.220001220703125,5307000,35.40999984741211,35.060001373291016,34.21554946899414
20-11-2019,34.7400016784668,35.02000045776367,9520400,35.25,34.86000061035156,34.02036666870117
21-11-2019,34.849998474121094,34.91999816894531,5660400,35.150001525878906,34.939998626708984,34.09844207763672
22-11-2019,34.77000045776367,34.959999084472656,6165800,35.22999954223633,35.119998931884766,34.27410125732422
25-11-2019,35.34000015258789,36.4900016784668,14172100,36.529998779296875,35.849998474121094,34.98651885986328
26-11-2019,35.41999816894531,35.66999816894531,8245400,35.900001525878906,35.75,34.8889274597168
27-11-2019,35.689998626708984,35.79999923706055,7534400,36.02000045776367,35.849998474121094,34.98651885986328
29-11-2019,35.459999084472656,35.689998626708984,3128900,35.849998474121094,35.52000045776367,34.80036926269531
02-12-2019,34.810001373291016,35.45000076293945,10174400,35.619998931884766,34.900001525878906,34.192935943603516
03-12-2019,34.459999084472656,34.599998474121094,7311400,34.90999984741211,34.75,34.04597091674805
04-12-2019,34.810001373291016,34.810001373291016,7517900,35.2400016784668,34.970001220703125,34.26151657104492
05-12-2019,34.77000045776367,34.939998626708984,8119400,35.09000015258789,34.790000915527344,34.085166931152344
06-12-2019,34.83000183105469,35.130001068115234,6547900,35.220001220703125,34.86000061035156,34.15373992919922
09-12-2019,34.560001373291016,34.849998474121094,7757000,34.91999816894531,34.56999969482422,33.86962127685547
10-12-2019,34.65999984741211,34.66999816894531,6290700,35.0,34.720001220703125,34.016578674316406
11-12-2019,34.68000030517578,34.70000076293945,7420700,34.9900016784668,34.91999816894531,34.2125244140625
12-12-2019,34.86000061035156,34.86000061035156,5800300,35.459999084472656,35.310001373291016,34.59462356567383
13-12-2019,35.2599983215332,35.36000061035156,6952200,35.77000045776367,35.47999954223633,34.76117706298828
16-12-2019,35.38999938964844,35.56999969482422,7240900,35.77000045776367,35.400001525878906,34.682804107666016
17-12-2019,35.27000045776367,35.439998626708984,13048600,35.95000076293945,35.900001525878906,35.17267608642578
18-12-2019,35.33000183105469,35.84000015258789,12129100,35.91999816894531,35.63999938964844,34.917938232421875
19-12-2019,35.52000045776367,35.52000045776367,7660000,36.119998931884766,36.040000915527344,35.309837341308594
20-12-2019,35.91999816894531,36.02000045776367,17421600,36.34000015258789,36.189998626708984,35.45679473876953
23-12-2019,36.16999816894531,36.220001220703125,5397900,36.4900016784668,36.209999084472656,35.47639465332031
24-12-2019,36.099998474121094,36.209999084472656,2129200,36.279998779296875,36.209999084472656,35.47639465332031
26-12-2019,36.189998626708984,36.349998474121094,4081900,36.52000045776367,36.25,35.51557922363281
27-12-2019,35.9900016784668,36.38999938964844,6606900,36.400001525878906,36.06999969482422,35.339229583740234
30-12-2019,35.709999084472656,36.16999816894531,6535800,36.209999084472656,35.79999923706055,35.07469940185547
31-12-2019,35.540000915527344,35.810001373291016,7437700,36.119998931884766,36.11000061035156,35.37841796875
02-01-2020,36.13999938964844,36.40999984741211,4979300,36.5,36.29999923706055,35.56456756591797
03-01-2020,35.779998779296875,35.91999816894531,3960900,36.099998474121094,35.959999084472656,35.2314567565918
06-01-2020,35.459999084472656,35.779998779296875,5866000,35.81999969482422,35.779998779296875,35.05510330200195
07-01-2020,35.349998474121094,35.66999816894531,6867400,35.70000076293945,35.619998931884766,34.898345947265625
08-01-2020,35.56999969482422,35.709999084472656,6072600,36.08000183105469,35.599998474121094,34.87874984741211
09-01-2020,34.970001220703125,35.13999938964844,10787300,35.45000076293945,35.18000030517578,34.467262268066406
10-01-2020,34.790000915527344,35.209999084472656,5664400,35.22999954223633,34.88999938964844,34.183135986328125
13-01-2020,34.560001373291016,34.849998474121094,7987600,34.88999938964844,34.72999954223633,34.026371002197266
14-01-2020,34.5099983215332,34.66999816894531,7227300,35.369998931884766,35.349998474121094,34.633811950683594
15-01-2020,35.04999923706055,35.43000030517578,10966000,35.720001220703125,35.33000183105469,34.614219665527344
16-01-2020,35.27000045776367,35.38999938964844,6955900,35.9900016784668,35.91999816894531,35.1922607421875
17-01-2020,35.279998779296875,35.31999969482422,12082300,35.900001525878906,35.81999969482422,35.09429168701172
21-01-2020,35.470001220703125,35.599998474121094,6925200,35.86000061035156,35.720001220703125,34.99632263183594
22-01-2020,35.630001068115234,35.810001373291016,8023300,36.06999969482422,35.88999938964844,35.162879943847656
23-01-2020,35.54999923706055,35.81999969482422,7980200,35.97999954223633,35.61000061035156,34.8885498046875
24-01-2020,35.099998474121094,35.790000915527344,9243600,35.790000915527344,35.36000061035156,34.64361572265625
27-01-2020,34.75,34.790000915527344,10529200,35.7400016784668,35.47999954223633,34.76117706298828
28-01-2020,35.4900016784668,35.61000061035156,15161800,36.45000076293945,36.209999084472656,35.47639465332031
29-01-2020,34.349998474121094,35.060001373291016,21462300,35.529998779296875,34.58000183105469,33.87941360473633
30-01-2020,34.25,34.36000061035156,12420000,35.13999938964844,35.060001373291016,34.34968948364258
31-01-2020,33.529998779296875,34.86000061035156,18541300,35.029998779296875,33.560001373291016,32.88008117675781
03-02-2020,33.709999084472656,33.75,14939600,34.529998779296875,34.38999938964844,33.693260192871094
04-02-2020,34.33000183105469,35.099998474121094,46298200,39.25,37.40999984741211,36.652076721191406
05-02-2020,36.61000061035156,36.86000061035156,25896300,37.45000076293945,37.130001068115234,36.377750396728516
06-02-2020,37.529998779296875,37.72999954223633,24981600,39.040000915527344,38.0,37.23012161254883
07-02-2020,35.79999923706055,35.83000183105469,18990500,36.869998931884766,36.20000076293945,35.46659469604492
10-02-2020,35.4900016784668,36.18000030517578,11638100,36.22999954223633,36.02000045776367,35.29024124145508
11-02-2020,36.060001373291016,36.20000076293945,9380300,36.66999816894531,36.439998626708984,35.70173645019531
12-02-2020,36.61000061035156,36.63999938964844,11499100,37.5,37.150001525878906,36.39735412597656
13-02-2020,36.70000076293945,37.04999923706055,7317900,37.27000045776367,37.189998626708984,36.43653869628906
14-02-2020,37.310001373291016,37.56999969482422,10998300,38.22999954223633,38.13999938964844,37.36729049682617
18-02-2020,37.7599983215332,38.279998779296875,15223600,38.630001068115234,37.869998931884766,37.10275650024414
19-02-2020,37.52000045776367,38.029998779296875,7598300,38.04999923706055,37.529998779296875,36.769649505615234
20-02-2020,37.220001220703125,37.34000015258789,8940300,37.869998931884766,37.689998626708984,36.9264030456543
21-02-2020,37.150001525878906,37.34000015258789,14695200,38.939998626708984,38.20000076293945,37.42607879638672
24-02-2020,36.970001220703125,37.630001068115234,18961600,37.869998931884766,37.2599983215332,36.50511932373047
25-02-2020,36.38999938964844,37.310001373291016,15856200,37.630001068115234,36.459999084472656,35.72132110595703
26-02-2020,36.41999816894531,36.810001373291016,11917800,37.18000030517578,36.689998626708984,35.946659088134766
27-02-2020,35.0099983215332,36.150001525878906,16142600,36.45000076293945,35.040000915527344,34.33009338378906
28-02-2020,33.709999084472656,34.09000015258789,16824600,34.77000045776367,34.63999938964844,34.093875885009766
02-03-2020,34.279998779296875,34.619998931884766,13131000,35.970001220703125,35.959999084472656,35.39306640625
03-03-2020,35.65999984741211,35.72999954223633,18838700,37.41999816894531,36.720001220703125,36.14108657836914
04-03-2020,37.13999938964844,37.31999969482422,13445400,38.540000915527344,38.4900016784668,37.883182525634766
05-03-2020,37.06999969482422,37.47999954223633,11816600,38.220001220703125,37.220001220703125,36.633201599121094
06-03-2020,35.59000015258789,35.709999084472656,12849800,36.790000915527344,36.38999938964844,35.81629180908203
09-03-2020,33.63999938964844,34.02000045776367,15594000,36.130001068115234,35.52000045776367,34.96000289916992
10-03-2020,35.0,36.4900016784668,15419000,36.61000061035156,36.040000915527344,35.47180938720703
11-03-2020,34.36000061035156,35.150001525878906,13056300,35.7400016784668,34.83000183105469,34.280887603759766
12-03-2020,32.5099983215332,32.7400016784668,17224800,35.040000915527344,33.029998779296875,32.50925827026367
13-03-2020,32.9900016784668,34.54999923706055,20972000,34.810001373291016,33.9900016784668,33.454132080078125
16-03-2020,30.579999923706055,30.8799991607666,17099700,33.349998474121094,32.2400016784668,31.73171615600586
17-03-2020,32.31999969482422,32.7599983215332,14020000,33.939998626708984,33.279998779296875,32.75531768798828
18-03-2020,30.200000762939453,31.6200008392334,20304800,32.849998474121094,31.299999237060547,30.806535720825195
19-03-2020,29.450000762939453,31.469999313354492,19461400,31.489999771118164,29.600000381469727,29.133337020874023
20-03-2020,27.209999084472656,29.5,24947000,30.200000762939453,27.579999923706055,27.145183563232422
23-03-2020,26.020000457763672,27.25,18502800,27.639999389648438,26.34000015258789,25.924732208251953
24-03-2020,26.239999771118164,27.3700008392334,24055000,27.8799991607666,27.670000076293945,27.233766555786133
25-03-2020,27.1200008392334,27.65999984741211,18485800,29.479999542236328,28.3700008392334,27.922727584838867
26-03-2020,28.479999542236328,28.479999542236328,14333700,30.270000457763672,30.15999984741211,29.684507369995117
27-03-2020,29.3799991607666,29.530000686645508,14183000,30.8700008392334,30.18000030517578,29.704193115234375
30-03-2020,30.020000457763672,30.6200008392334,14952000,31.540000915527344,31.190000534057617,30.698270797729492
31-03-2020,29.940000534057617,31.030000686645508,15868300,31.18000030517578,30.059999465942383,29.58608627319336
01-04-2020,28.479999542236328,29.34000015258789,14341500,29.75,28.780000686645508,28.326265335083008
02-04-2020,28.299999237060547,28.31999969482422,12007100,29.40999984741211,29.190000534057617,28.729801177978516
03-04-2020,28.799999237060547,29.149999618530273,10869100,29.670000076293945,29.40999984741211,28.946332931518555
06-04-2020,30.280000686645508,30.670000076293945,14731900,31.31999969482422,31.18000030517578,30.68842887878418
07-04-2020,31.559999465942383,32.08000183105469,10602500,32.220001220703125,31.6200008392334,31.121490478515625
08-04-2020,31.799999237060547,31.850000381469727,12044500,33.08000183105469,33.0099983215332,32.48957443237305
09-04-2020,33.369998931884766,33.400001525878906,13558300,34.099998474121094,33.83000183105469,33.29664993286133
13-04-2020,33.959999084472656,34.290000915527344,13792100,35.08000183105469,34.7599983215332,34.21198272705078
14-04-2020,35.27000045776367,35.45000076293945,14582700,35.97999954223633,35.7400016784668,35.176536560058594
15-04-2020,35.08000183105469,35.310001373291016,10651500,36.40999984741211,36.189998626708984,35.61943817138672
16-04-2020,36.290000915527344,36.529998779296875,11205800,37.369998931884766,37.220001220703125,36.633201599121094
17-04-2020,36.9900016784668,37.45000076293945,15513600,37.63999938964844,37.459999084472656,36.86941909790039
20-04-2020,37.279998779296875,37.470001220703125,12664000,38.31999969482422,37.63999938964844,37.04657745361328
21-04-2020,37.310001373291016,37.5099983215332,12259600,38.22999954223633,37.61000061035156,37.01705551147461
22-04-2020,37.91999816894531,38.150001525878906,9823600,38.47999954223633,38.25,37.646968841552734
23-04-2020,37.65999984741211,38.459999084472656,15275800,38.84000015258789,37.90999984741211,37.31232452392578
24-04-2020,38.27000045776367,38.849998474121094,16894800,39.529998779296875,39.349998474121094,38.72962188720703
27-04-2020,39.560001373291016,40.040000915527344,11090200,40.36000061035156,39.630001068115234,39.00521469116211
28-04-2020,38.90999984741211,39.59000015258789,16170400,39.900001525878906,39.08000183105469,38.4638786315918
29-04-2020,38.84000015258789,39.45000076293945,17989600,39.75,39.029998779296875,38.41466522216797
30-04-2020,37.54999923706055,37.630001068115234,18279500,39.959999084472656,39.83000183105469,39.202056884765625
01-05-2020,38.34000015258789,38.779998779296875,13894700,39.470001220703125,39.25,38.631195068359375
04-05-2020,39.060001373291016,39.279998779296875,10219900,39.869998931884766,39.83000183105469,39.202056884765625
05-05-2020,39.77000045776367,39.91999816894531,12414200,40.7599983215332,40.31999969482422,39.68433380126953
06-05-2020,40.189998626708984,40.63999938964844,11026000,41.09000015258789,40.95000076293945,40.30439376831055
07-05-2020,41.060001373291016,41.27000045776367,12588900,41.61000061035156,41.369998931884766,40.7177734375
08-05-2020,41.70000076293945,41.70000076293945,8946000,42.439998626708984,42.150001525878906,41.48548126220703
11-05-2020,41.599998474121094,41.880001068115234,13731700,42.43000030517578,42.130001068115234,41.46579360961914
12-05-2020,41.779998779296875,42.2400016784668,9548400,42.86000061035156,42.0,41.33784484863281
13-05-2020,41.04999923706055,41.779998779296875,11041700,42.380001068115234,41.58000183105469,40.92446517944336
14-05-2020,40.810001373291016,41.310001373291016,11165100,42.09000015258789,42.040000915527344,41.37721252441406
15-05-2020,41.380001068115234,41.459999084472656,13183200,42.470001220703125,42.11000061035156,41.446109771728516
18-05-2020,42.33000183105469,42.599998474121094,8880900,42.900001525878906,42.5,41.829959869384766
19-05-2020,42.38999938964844,42.459999084472656,13600300,43.18000030517578,42.400001525878906,41.73154067993164
20-05-2020,42.439998626708984,43.0,9282500,43.34000015258789,42.709999084472656,42.03664779663086
21-05-2020,42.2400016784668,42.75,8281700,42.93000030517578,42.470001220703125,41.80043411254883
22-05-2020,42.209999084472656,42.25,9879700,43.5,43.45000076293945,42.76498794555664
26-05-2020,43.310001373291016,43.9900016784668,9548900,44.279998779296875,43.36000061035156,42.6764030456543
27-05-2020,42.86000061035156,43.29999923706055,8706500,44.18000030517578,44.150001525878906,43.45395278930664
28-05-2020,44.0099983215332,44.13999938964844,12476300,44.97999954223633,44.22999954223633,43.532684326171875
29-05-2020,43.880001068115234,44.29999923706055,18741500,45.650001525878906,45.540000915527344,44.984764099121094
01-06-2020,45.0099983215332,45.400001525878906,8931500,45.970001220703125,45.20000076293945,44.64891052246094
02-06-2020,45.13999938964844,45.2400016784668,9959000,46.22999954223633,45.97999954223633,45.41939926147461
03-06-2020,46.08000183105469,46.349998474121094,7599200,46.720001220703125,46.45000076293945,45.883670806884766
04-06-2020,48.79999923706055,51.34000015258789,32274600,51.880001068115234,49.36000061035156,48.7581901550293
05-06-2020,48.2400016784668,49.2400016784668,16332600,49.70000076293945,48.81999969482422,48.22477340698242
08-06-2020,47.84000015258789,48.29999923706055,12182400,49.04999923706055,48.720001220703125,48.12599182128906
09-06-2020,48.56999969482422,48.869998931884766,9699800,50.0,49.75,49.143436431884766
10-06-2020,49.06999969482422,50.25,10545900,50.34000015258789,49.25,48.64952850341797
11-06-2020,47.689998626708984,49.43000030517578,10563900,49.81999969482422,47.939998626708984,47.35550308227539
12-06-2020,46.849998474121094,48.38999938964844,10056500,48.83000183105469,47.65999984741211,47.078914642333984
15-06-2020,46.63999938964844,46.939998626708984,12464800,48.119998931884766,47.88999938964844,47.30611038208008
16-06-2020,47.540000915527344,48.4900016784668,9642900,48.72999954223633,48.119998931884766,47.53330612182617
17-06-2020,48.209999084472656,48.2599983215332,9692100,49.099998474121094,48.43000030517578,47.83953094482422
18-06-2020,48.18000030517578,48.54999923706055,11344000,49.09000015258789,48.439998626708984,47.849403381347656
19-06-2020,47.41999816894531,48.72999954223633,36555400,48.95000076293945,48.290000915527344,47.701236724853516
22-06-2020,48.0099983215332,48.34000015258789,9223500,49.31999969482422,49.15999984741211,48.56062698364258
23-06-2020,49.099998474121094,49.59000015258789,12289300,50.31999969482422,49.79999923706055,49.19282531738281
24-06-2020,48.650001525878906,49.79999923706055,13009000,50.45000076293945,48.77000045776367,48.175384521484375
25-06-2020,48.40999984741211,48.720001220703125,10268700,49.540000915527344,49.400001525878906,48.797706604003906
26-06-2020,50.08000183105469,50.88999938964844,17762400,51.279998779296875,50.88999938964844,50.269535064697266
29-06-2020,50.119998931884766,51.06999969482422,8933900,51.34000015258789,51.310001373291016,50.68441390991211
30-06-2020,51.31999969482422,51.41999816894531,10559900,52.75,52.45000076293945,51.810516357421875
01-07-2020,51.31999969482422,52.709999084472656,12879800,53.43000030517578,52.959999084472656,52.31429672241211
02-07-2020,53.54999923706055,53.59000015258789,8468400,54.880001068115234,54.36000061035156,53.69723129272461
06-07-2020,54.939998626708984,55.4900016784668,9889300,56.970001220703125,56.16999816894531,55.48515701293945
07-07-2020,55.93000030517578,55.95000076293945,10641800,57.54999923706055,57.0,56.3050422668457
08-07-2020,57.15999984741211,57.349998474121094,11127200,58.459999084472656,58.27000045776367,57.55955505371094
09-07-2020,58.52000045776367,58.72999954223633,15414600,60.529998779296875,59.220001220703125,58.49797439575195
10-07-2020,58.119998931884766,59.349998474121094,11750700,59.88999938964844,59.27000045776367,58.547367095947266
13-07-2020,57.88999938964844,60.290000915527344,13128100,61.060001373291016,58.29999923706055,57.589195251464844
14-07-2020,57.279998779296875,57.75,10054000,59.290000915527344,59.08000183105469,58.359683990478516
15-07-2020,57.2400016784668,58.81999969482422,10724800,59.130001068115234,58.38999938964844,57.6780891418457
16-07-2020,57.900001525878906,57.900001525878906,7231200,58.91999816894531,58.650001525878906,57.93492889404297
17-07-2020,57.779998779296875,58.93000030517578,6629600,59.11000061035156,58.130001068115234,57.4212646484375
20-07-2020,57.77000045776367,58.709999084472656,6417100,58.79999923706055,58.470001220703125,57.757118225097656
21-07-2020,55.689998626708984,59.08000183105469,18072000,59.54999923706055,56.59000015258789,55.90003967285156
22-07-2020,56.130001068115234,56.66999816894531,9139800,57.43000030517578,56.34000015258789,55.6530876159668
23-07-2020,54.86000061035156,56.439998626708984,9819200,56.81999969482422,55.150001525878906,54.477596282958984
24-07-2020,54.040000915527344,55.02000045776367,6509600,55.36000061035156,55.119998931884766,54.44796371459961
27-07-2020,55.529998779296875,55.72999954223633,7820700,57.380001068115234,57.22999954223633,56.53223419189453
28-07-2020,56.11000061035156,57.11000061035156,11066800,57.34000015258789,56.349998474121094,55.6629638671875
29-07-2020,53.65999984741211,55.189998626708984,14250500,56.040000915527344,54.529998779296875,53.86515426635742
30-07-2020,53.72999954223633,54.0,8018300,54.939998626708984,54.720001220703125,54.05283737182617
31-07-2020,54.33000183105469,55.060001373291016,8945500,55.83000183105469,55.279998779296875,54.60601043701172
03-08-2020,55.56999969482422,55.689998626708984,8830300,56.81999969482422,56.56999969482422,55.88028335571289
04-08-2020,55.779998779296875,56.27000045776367,6120700,56.779998779296875,56.33000183105469,55.643211364746094
05-08-2020,55.97999954223633,56.470001220703125,6973500,56.93000030517578,56.65999984741211,55.96918869018555
06-08-2020,54.84000015258789,55.9900016784668,8657100,56.529998779296875,55.08000183105469,54.408451080322266
07-08-2020,54.779998779296875,55.34000015258789,6369300,55.91999816894531,55.209999084472656,54.536865234375
10-08-2020,54.02000045776367,55.220001220703125,6268400,55.290000915527344,54.369998931884766,53.70710372924805
11-08-2020,53.70000076293945,54.209999084472656,9325500,55.63999938964844,54.290000915527344,53.628082275390625
12-08-2020,54.38999938964844,54.400001525878906,6976200,56.20000076293945,55.4900016784668,54.81344985961914
13-08-2020,55.599998474121094,55.599998474121094,8205900,57.060001373291016,56.279998779296875,55.59381866455078
14-08-2020,55.869998931884766,56.529998779296875,6253200,57.599998474121094,56.290000915527344,55.60369873046875
17-08-2020,56.29999923706055,56.689998626708984,5689900,57.56999969482422,57.349998474121094,56.65077209472656
18-08-2020,56.939998626708984,57.56999969482422,4807100,57.880001068115234,57.029998779296875,56.33467102050781
19-08-2020,57.029998779296875,57.150001525878906,7208600,58.380001068115234,57.709999084472656,57.006385803222656
20-08-2020,57.15999984741211,57.599998474121094,6458400,58.060001373291016,57.65999984741211,56.956993103027344
21-08-2020,57.5099983215332,57.86000061035156,6784200,59.060001373291016,58.209999084472656,57.50028610229492
24-08-2020,58.060001373291016,58.459999084472656,6053100,58.959999084472656,58.779998779296875,58.06333923339844
25-08-2020,58.02000045776367,58.5099983215332,4983200,58.88999938964844,58.04999923706055,57.34223937988281
26-08-2020,57.380001068115234,57.959999084472656,6498800,58.65999984741211,58.58000183105469,57.86578369140625
27-08-2020,56.20000076293945,58.91999816894531,8112900,58.91999816894531,56.310001373291016,55.623451232910156
28-08-2020,54.04999923706055,56.2599983215332,12445500,56.2599983215332,54.27000045776367,53.60832977294922
31-08-2020,53.56999969482422,54.0,13417200,54.90999984741211,54.779998779296875,54.27211380004883
01-09-2020,53.369998931884766,54.95000076293945,10121800,55.22999954223633,53.650001525878906,53.152591705322266
02-09-2020,53.5099983215332,53.88999938964844,10896300,55.22999954223633,55.09000015258789,54.57923889160156
03-09-2020,52.59000015258789,54.63999938964844,10157700,55.41999816894531,53.15999984741211,52.66713333129883
04-09-2020,50.95000076293945,52.81999969482422,9971400,53.33000183105469,52.540000915527344,52.05288314819336
08-09-2020,50.970001220703125,51.16999816894531,12745100,52.65999984741211,51.529998779296875,51.052249908447266
09-09-2020,51.709999084472656,52.029998779296875,8912100,53.709999084472656,53.439998626708984,52.94453811645508
10-09-2020,52.029998779296875,53.720001220703125,7080700,54.599998474121094,52.31999969482422,51.83491897583008
11-09-2020,52.099998474121094,52.33000183105469,7224600,53.08000183105469,52.77000045776367,52.2807502746582
14-09-2020,52.209999084472656,53.290000915527344,7417400,53.58000183105469,52.29999923706055,51.81510925292969
15-09-2020,51.63999938964844,52.68000030517578,7750000,52.9900016784668,51.779998779296875,51.2999267578125
16-09-2020,50.290000915527344,51.779998779296875,9394000,52.25,50.41999816894531,49.95253372192383
17-09-2020,47.439998626708984,49.36000061035156,15676200,49.439998626708984,48.63999938964844,48.18904113769531
18-09-2020,48.08000183105469,49.0,10017200,49.2400016784668,48.61000061035156,48.15931701660156
21-09-2020,47.72999954223633,47.93000030517578,9097400,50.2400016784668,50.13999938964844,49.675132751464844
22-09-2020,49.83000183105469,50.63999938964844,6906300,51.040000915527344,50.91999816894531,50.447898864746094
23-09-2020,50.41999816894531,51.150001525878906,6502600,51.459999084472656,50.68000030517578,50.21012496948242
24-09-2020,50.040000915527344,50.220001220703125,8182500,52.16999816894531,51.779998779296875,51.2999267578125
25-09-2020,51.18000030517578,51.970001220703125,6852600,52.72999954223633,52.47999954223633,51.99343490600586
28-09-2020,53.099998474121094,53.20000076293945,6507200,54.36000061035156,54.040000915527344,53.53897476196289
29-09-2020,52.59000015258789,53.95000076293945,7029100,54.29999923706055,52.650001525878906,52.161865234375
30-09-2020,51.5099983215332,52.97999954223633,9083900,53.619998931884766,52.099998474121094,51.61695861816406
01-10-2020,52.0,52.369998931884766,6659600,52.86000061035156,52.380001068115234,51.89436721801758
02-10-2020,51.189998626708984,51.61000061035156,5456700,52.43000030517578,51.68000030517578,51.20085525512695
05-10-2020,51.150001525878906,51.939998626708984,4954700,52.11000061035156,51.77000045776367,51.29001998901367
06-10-2020,49.4900016784668,51.90999984741211,8824800,51.90999984741211,49.65999984741211,49.199581146240234
07-10-2020,49.97999954223633,50.54999923706055,6016400,51.11000061035156,50.939998626708984,50.467716217041016
08-10-2020,50.97999954223633,51.29999923706055,6746800,52.18000030517578,52.08000183105469,51.597145080566406
09-10-2020,52.31999969482422,52.43000030517578,12658300,55.86000061035156,55.45000076293945,54.9359016418457
12-10-2020,54.529998779296875,56.20000076293945,8092000,56.20000076293945,55.380001068115234,54.86655044555664
13-10-2020,55.400001525878906,55.54999923706055,7445700,57.81999969482422,57.59000015258789,57.05606460571289
14-10-2020,56.43000030517578,57.790000915527344,7513800,58.34000015258789,56.459999084472656,55.93653869628906
15-10-2020,54.86000061035156,55.790000915527344,6275700,56.11000061035156,55.400001525878906,54.88636779785156
16-10-2020,55.189998626708984,55.33000183105469,6165600,56.439998626708984,55.83000183105469,55.312381744384766
19-10-2020,53.91999816894531,56.43000030517578,6721200,56.900001525878906,54.31999969482422,53.816375732421875
20-10-2020,54.029998779296875,54.41999816894531,6407500,55.130001068115234,54.20000076293945,53.69749069213867
21-10-2020,52.630001068115234,54.290000915527344,6557400,54.47999954223633,52.81999969482422,52.33028793334961
22-10-2020,51.56999969482422,52.59000015258789,5164000,52.720001220703125,52.290000915527344,51.80520248413086
23-10-2020,52.470001220703125,52.470001220703125,5734700,53.95000076293945,53.790000915527344,53.29129409790039
26-10-2020,52.279998779296875,53.4900016784668,6597300,53.95000076293945,53.34000015258789,52.845462799072266
27-10-2020,53.0,53.38999938964844,4613000,53.84000015258789,53.54999923706055,53.05351638793945
28-10-2020,52.380001068115234,52.869998931884766,9717200,54.099998474121094,53.25,52.75629806518555
29-10-2020,48.029998779296875,49.29999923706055,22526800,50.79999923706055,49.279998779296875,48.82310485839844
30-10-2020,46.9900016784668,48.77000045776367,12565300,49.13999938964844,47.630001068115234,47.18840789794922
02-11-2020,47.209999084472656,48.189998626708984,10765800,49.34000015258789,47.869998931884766,47.426177978515625
03-11-2020,47.61000061035156,48.0,8909500,49.380001068115234,48.91999816894531,48.4664421081543
04-11-2020,47.560001373291016,49.470001220703125,16562100,49.63999938964844,47.81999969482422,47.376644134521484
05-11-2020,48.470001220703125,48.709999084472656,10325200,49.95000076293945,49.40999984741211,48.951904296875
06-11-2020,49.04999923706055,49.70000076293945,10244300,51.16999816894531,50.689998626708984,50.22003173828125
09-11-2020,46.849998474121094,48.0,19388000,49.25,48.31999969482422,47.872005462646484
10-11-2020,45.36000061035156,47.54999923706055,15521800,47.63999938964844,46.540000915527344,46.1085090637207
11-11-2020,46.810001373291016,47.16999816894531,13142300,48.099998474121094,47.709999084472656,47.26765823364258
12-11-2020,46.400001525878906,48.130001068115234,10266100,48.16999816894531,46.59000015258789,46.15804672241211
13-11-2020,46.720001220703125,46.900001525878906,12082200,48.720001220703125,48.66999816894531,48.2187614440918
16-11-2020,48.0099983215332,48.45000076293945,14933300,49.16999816894531,48.54999923706055,48.099876403808594
17-11-2020,47.959999084472656,48.369998931884766,9892600,48.900001525878906,48.33000183105469,47.88191604614258
18-11-2020,48.06999969482422,48.06999969482422,12734100,49.459999084472656,48.529998779296875,48.08005905151367
19-11-2020,48.560001373291016,48.650001525878906,12012200,50.04999923706055,49.779998779296875,49.31846618652344
20-11-2020,48.959999084472656,49.79999923706055,10521400,49.880001068115234,48.9900016784668,48.535797119140625
23-11-2020,49.099998474121094,49.18000030517578,9416200,50.34000015258789,49.900001525878906,49.43735885620117
24-11-2020,49.83000183105469,49.91999816894531,7221600,51.290000915527344,50.529998779296875,50.06151580810547
25-11-2020,50.04999923706055,50.75,4438900,51.029998779296875,50.45000076293945,49.982261657714844
27-11-2020,50.900001525878906,50.939998626708984,3604000,51.93000030517578,51.34000015258789,50.86400604248047
30-11-2020,49.36000061035156,51.029998779296875,10743200,51.22999954223633,50.43000030517578,50.11863708496094
01-12-2020,50.18000030517578,50.5,7160300,51.459999084472656,50.52000045776367,50.20808410644531
02-12-2020,50.36000061035156,50.52000045776367,9281900,51.540000915527344,51.349998474121094,51.032958984375
03-12-2020,50.11000061035156,51.25,5354200,51.29999923706055,50.290000915527344,49.9795036315918
04-12-2020,49.63999938964844,50.029998779296875,4791000,51.189998626708984,50.970001220703125,50.655303955078125
07-12-2020,49.90999984741211,50.90999984741211,5132200,51.0099983215332,50.029998779296875,49.721107482910156
08-12-2020,49.279998779296875,49.90999984741211,7091500,50.22999954223633,49.88999938964844,49.581974029541016
09-12-2020,49.220001220703125,49.959999084472656,6794500,50.18000030517578,49.5,49.19438171386719
10-12-2020,48.93000030517578,49.400001525878906,4344000,49.84000015258789,49.599998474121094,49.29376220703125
11-12-2020,48.66999816894531,49.439998626708984,4549500,49.61000061035156,49.130001068115234,48.82666778564453
14-12-2020,49.22999954223633,49.22999954223633,9127400,50.5,49.56999969482422,49.26395034790039
15-12-2020,49.689998626708984,49.959999084472656,7776100,52.099998474121094,52.08000183105469,51.758453369140625
16-12-2020,52.15999984741211,52.15999984741211,12846700,54.88999938964844,53.650001525878906,53.31875991821289
17-12-2020,52.439998626708984,53.630001068115234,6195700,53.959999084472656,53.04999923706055,52.72246170043945
18-12-2020,52.400001525878906,53.099998474121094,10943100,53.2599983215332,53.060001373291016,52.73240280151367
21-12-2020,51.16999816894531,52.619998931884766,6082300,52.68000030517578,51.56999969482422,51.2515983581543
22-12-2020,51.08000183105469,51.709999084472656,6215900,52.02000045776367,51.619998931884766,51.30128860473633
23-12-2020,51.130001068115234,52.0,4739400,52.0,51.130001068115234,50.8143196105957
24-12-2020,49.939998626708984,51.22999954223633,2718500,51.2400016784668,50.119998931884766,49.810550689697266
28-12-2020,49.93000030517578,50.5,6187400,50.54999923706055,50.2400016784668,49.929813385009766
29-12-2020,50.29999923706055,50.650001525878906,4796700,51.11000061035156,50.86000061035156,50.545982360839844
30-12-2020,50.470001220703125,51.02000045776367,8618900,51.5099983215332,50.54999923706055,50.23789596557617
31-12-2020,50.0,50.61000061035156,3597200,50.810001373291016,50.25,49.93975067138672
04-01-2021,50.45000076293945,50.47999954223633,7843500,51.900001525878906,51.5,51.182029724121094
05-01-2021,51.060001373291016,51.349998474121094,10002400,52.279998779296875,52.029998779296875,51.70875549316406
06-01-2021,51.400001525878906,51.5,9911400,54.290000915527344,53.220001220703125,52.891414642333984
07-01-2021,53.0099983215332,53.41999816894531,7348800,54.22999954223633,53.060001373291016,52.73240280151367
08-01-2021,53.22999954223633,53.369998931884766,6298300,54.54999923706055,54.47999954223633,54.14363479614258
11-01-2021,53.470001220703125,54.18000030517578,6956100,54.40999984741211,53.93000030517578,53.59703063964844
12-01-2021,53.880001068115234,53.97999954223633,11825900,56.709999084472656,56.040000915527344,55.69400405883789
13-01-2021,55.36000061035156,55.779998779296875,8185100,56.369998931884766,55.709999084472656,55.36603927612305
14-01-2021,54.97999954223633,55.83000183105469,6937900,55.83000183105469,55.27000045776367,54.92875671386719
15-01-2021,54.310001373291016,55.290000915527344,9710600,55.709999084472656,55.41999816894531,55.07782745361328
19-01-2021,55.439998626708984,55.54999923706055,8942400,57.20000076293945,56.97999954223633,56.628196716308594
20-01-2021,56.119998931884766,57.29999923706055,4798200,57.540000915527344,56.16999816894531,55.82319641113281
21-01-2021,55.31999969482422,56.29999923706055,5265800,56.470001220703125,56.400001525878906,56.051780700683594
22-01-2021,55.63999938964844,56.20000076293945,3317000,56.56999969482422,56.459999084472656,56.11140823364258
25-01-2021,56.81999969482422,57.0,9818900,58.380001068115234,57.25,56.89653396606445
26-01-2021,56.970001220703125,57.09000015258789,8394700,59.310001373291016,59.16999816894531,58.8046760559082
27-01-2021,58.04999923706055,58.63999938964844,10645100,60.54999923706055,58.349998474121094,57.98973846435547
28-01-2021,55.939998626708984,58.0,11679600,58.86000061035156,56.439998626708984,56.09153366088867
29-01-2021,55.310001373291016,56.220001220703125,10923300,57.58000183105469,56.5099983215332,56.16109848022461
01-02-2021,56.650001525878906,56.83000183105469,7476200,58.70000076293945,58.470001220703125,58.1089973449707
02-02-2021,57.099998474121094,58.5099983215332,8580900,58.779998779296875,57.33000183105469,56.976036071777344
03-02-2021,57.66999816894531,58.099998474121094,10673300,58.79999923706055,58.040000915527344,57.68165588378906
04-02-2021,60.66999816894531,63.959999084472656,29410700,64.8499984741211,61.119998931884766,60.742637634277344
05-02-2021,60.2400016784668,61.15999984741211,12711700,62.81999969482422,62.22999954223633,61.84578323364258
08-02-2021,62.560001373291016,62.599998474121094,9787900,64.05999755859375,63.84000015258789,63.44584274291992
09-02-2021,62.119998931884766,63.869998931884766,5036400,63.90999984741211,62.22999954223633,61.84578323364258
10-02-2021,61.7599983215332,62.54999923706055,4470900,63.220001220703125,62.31999969482422,61.93522644042969
11-02-2021,61.66999816894531,62.599998474121094,3660100,62.97999954223633,62.310001373291016,61.92529296875
12-02-2021,61.939998626708984,62.04999923706055,5621800,63.189998626708984,63.0099983215332,62.620967864990234
16-02-2021,62.81999969482422,63.97999954223633,5559800,64.0,62.869998931884766,62.48183059692383
17-02-2021,62.04999923706055,62.58000183105469,4178700,63.2400016784668,63.04999923706055,62.66072082519531
18-02-2021,62.220001220703125,62.70000076293945,5962500,63.349998474121094,62.79999923706055,62.41226577758789
19-02-2021,61.869998931884766,63.189998626708984,5462500,63.36000061035156,61.97999954223633,61.597328186035156
22-02-2021,60.959999084472656,62.099998474121094,5252900,62.290000915527344,61.560001373291016,61.17992401123047
23-02-2021,59.81999969482422,60.68000030517578,5826500,61.72999954223633,61.369998931884766,60.991092681884766
24-02-2021,58.83000183105469,60.9900016784668,8050000,61.04999923706055,59.380001068115234,59.01338195800781
25-02-2021,56.849998474121094,59.400001525878906,7868300,59.970001220703125,56.97999954223633,56.628196716308594
26-02-2021,56.25,57.34000015258789,9014000,57.65999984741211,56.41999816894531,56.24934387207031
01-03-2021,56.529998779296875,57.099998474121094,6153700,58.70000076293945,58.47999954223633,58.30311584472656
02-03-2021,56.88999938964844,58.63999938964844,7646700,58.65999984741211,56.9900016784668,56.817623138427734
03-03-2021,54.47999954223633,56.72999954223633,11055500,56.95000076293945,54.599998474121094,54.43484878540039
04-03-2021,52.459999084472656,54.470001220703125,9940400,54.88999938964844,53.34000015258789,53.17866134643555
05-03-2021,51.5099983215332,53.880001068115234,8395000,54.119998931884766,53.7599983215332,53.597389221191406
08-03-2021,53.45000076293945,53.869998931884766,7622100,55.189998626708984,53.4900016784668,53.328208923339844
09-03-2021,54.31999969482422,54.599998474121094,8407000,56.970001220703125,56.16999816894531,56.000099182128906
10-03-2021,54.529998779296875,56.779998779296875,7202600,56.779998779296875,55.34000015258789,55.17261505126953
11-03-2021,55.459999084472656,55.95000076293945,5888000,56.58000183105469,56.2400016784668,56.06989288330078
12-03-2021,55.040000915527344,55.68000030517578,5025800,56.099998474121094,55.79999923706055,55.631221771240234
15-03-2021,55.61000061035156,55.849998474121094,5860100,57.709999084472656,57.66999816894531,57.49556350708008
16-03-2021,57.060001373291016,57.29999923706055,5873600,58.189998626708984,57.41999816894531,57.24631881713867
17-03-2021,56.720001220703125,56.72999954223633,6788400,59.72999954223633,59.0,58.8215446472168
18-03-2021,58.0,58.31999969482422,6547300,60.119998931884766,58.900001525878906,58.72184753417969
19-03-2021,58.5099983215332,59.15999984741211,10317900,60.029998779296875,59.72999954223633,59.54933547973633
22-03-2021,59.560001373291016,59.91999816894531,6583900,60.849998474121094,60.290000915527344,60.107643127441406
23-03-2021,60.0099983215332,60.400001525878906,5959400,61.029998779296875,60.310001373291016,60.12758255004883
24-03-2021,57.58000183105469,60.61000061035156,7141900,60.900001525878906,57.63999938964844,57.46565628051758
25-03-2021,56.97999954223633,57.72999954223633,5705500,58.43000030517578,58.09000015258789,57.9142951965332
26-03-2021,58.040000915527344,58.150001525878906,7409300,60.93000030517578,60.83000183105469,60.64601135253906
29-03-2021,59.279998779296875,60.880001068115234,7090300,61.18000030517578,59.849998474121094,59.66897201538086
30-03-2021,59.04999923706055,59.529998779296875,5400600,60.630001068115234,60.31999969482422,60.137550354003906
31-03-2021,60.75,60.84000015258789,8516800,62.66999816894531,61.2400016784668,61.05476760864258
01-04-2021,61.38999938964844,61.400001525878906,5210000,63.2400016784668,63.11000061035156,62.91911315917969
05-04-2021,62.54999923706055,63.349998474121094,6672800,63.97999954223633,63.689998626708984,63.49735641479492
06-04-2021,62.2400016784668,63.630001068115234,6396900,63.720001220703125,62.52000045776367,62.33089828491211
07-04-2021,61.43000030517578,62.689998626708984,5848100,62.689998626708984,61.7599983215332,61.57319259643555
08-04-2021,61.7599983215332,62.29999923706055,3948400,62.650001525878906,62.189998626708984,62.00189208984375
09-04-2021,61.849998474121094,62.08000183105469,3801000,62.599998474121094,62.470001220703125,62.28104782104492
12-04-2021,62.130001068115234,62.470001220703125,5003600,62.880001068115234,62.63999938964844,62.450531005859375
13-04-2021,62.91999816894531,63.02000045776367,5264900,64.08000183105469,63.81999969482422,63.6269645690918
14-04-2021,62.349998474121094,63.939998626708984,9522800,64.38999938964844,62.790000915527344,62.60007858276367
15-04-2021,63.029998779296875,63.33000183105469,4677400,64.54000091552734,64.36000061035156,64.16532897949219
16-04-2021,64.29000091552734,64.5199966430664,4650500,64.98999786376953,64.93000030517578,64.73360443115234
19-04-2021,63.599998474121094,64.62999725341797,5285500,65.11000061035156,63.790000915527344,63.5970573425293
20-04-2021,61.209999084472656,63.630001068115234,5506000,63.79999923706055,61.790000915527344,61.60310363769531
21-04-2021,60.880001068115234,61.439998626708984,5091900,61.869998931884766,61.779998779296875,61.59313201904297
22-04-2021,60.529998779296875,61.849998474121094,6849100,61.900001525878906,60.7400016784668,60.55628204345703
23-04-2021,60.439998626708984,60.880001068115234,5072900,61.16999816894531,60.90999984741211,60.725765228271484
26-04-2021,60.77000045776367,61.0,4539300,61.61000061035156,61.58000183105469,61.393741607666016
27-04-2021,61.380001068115234,61.720001220703125,5577600,62.310001373291016,61.70000076293945,61.51337814331055
28-04-2021,61.81999969482422,62.08000183105469,7814100,62.869998931884766,62.31999969482422,62.131500244140625
29-04-2021,54.95000076293945,57.290000915527344,31082000,57.34000015258789,56.06999969482422,55.90040588378906
30-04-2021,55.65999984741211,55.72999954223633,10069300,56.88999938964844,55.790000915527344,55.621253967285156
03-05-2021,56.119998931884766,56.16999816894531,12472600,58.849998474121094,58.150001525878906,57.974117279052734
04-05-2021,56.81999969482422,57.5099983215332,9736900,58.34000015258789,57.689998626708984,57.5155029296875
05-05-2021,57.38999938964844,57.400001525878906,7002800,58.880001068115234,58.2400016784668,58.0638427734375
06-05-2021,57.7599983215332,58.150001525878906,7583000,58.88999938964844,58.81999969482422,58.642086029052734
07-05-2021,58.400001525878906,59.099998474121094,10347500,60.0099983215332,59.779998779296875,59.59918212890625
10-05-2021,59.2599983215332,59.560001373291016,11628700,62.29999923706055,61.439998626708984,61.2541618347168
11-05-2021,59.13999938964844,60.040000915527344,11344500,60.9900016784668,60.43000030517578,60.24721908569336
12-05-2021,58.2400016784668,59.689998626708984,8763100,60.43000030517578,58.279998779296875,58.10371780395508
13-05-2021,58.060001373291016,58.59000015258789,6389300,59.369998931884766,58.7400016784668,58.56233215332031
14-05-2021,59.29999923706055,59.439998626708984,6565200,61.04999923706055,60.86000061035156,60.67591857910156
17-05-2021,60.540000915527344,60.810001373291016,6892500,61.79999923706055,61.689998626708984,61.5034065246582
18-05-2021,60.689998626708984,61.70000076293945,6110600,62.689998626708984,61.290000915527344,61.104618072509766
19-05-2021,59.06999969482422,60.400001525878906,8050200,60.400001525878906,59.790000915527344,59.609153747558594
20-05-2021,59.349998474121094,60.11000061035156,8104600,60.27000045776367,59.470001220703125,59.290122985839844
21-05-2021,59.720001220703125,59.810001373291016,11192200,61.380001068115234,61.02000045776367,60.83543395996094
24-05-2021,60.93000030517578,61.2400016784668,5735100,61.95000076293945,60.970001220703125,60.785587310791016
25-05-2021,60.86000061035156,61.2400016784668,6069900,61.84000015258789,61.29999923706055,61.114585876464844
26-05-2021,61.189998626708984,61.189998626708984,6710700,62.13999938964844,61.439998626708984,61.2541618347168
27-05-2021,59.31999969482422,61.20000076293945,19669700,62.119998931884766,59.5099983215332,59.32999801635742
28-05-2021,59.65999984741211,59.959999084472656,10887300,61.41999816894531,60.880001068115234,60.880001068115234
01-06-2021,60.72999954223633,61.52000045776367,5640600,62.09000015258789,61.369998931884766,61.369998931884766
02-06-2021,61.02000045776367,61.38999938964844,10598300,63.56999969482422,63.40999984741211,63.40999984741211
03-06-2021,62.59000015258789,62.97999954223633,7219200,64.2699966430664,64.06999969482422,64.06999969482422
04-06-2021,64.13999938964844,64.37999725341797,8978000,65.88999938964844,65.2300033569336,65.2300033569336
07-06-2021,64.79000091552734,65.30999755859375,6123400,65.72000122070312,65.44999694824219,65.44999694824219
08-06-2021,65.26000213623047,65.5199966430664,5712300,65.94000244140625,65.80000305175781,65.80000305175781
09-06-2021,65.4000015258789,66.22000122070312,6124100,66.3499984741211,65.95999908447266,65.95999908447266
10-06-2021,65.7699966430664,66.31999969482422,5789000,66.9800033569336,66.75,66.75
11-06-2021,66.83000183105469,66.9000015258789,5849500,67.41999816894531,67.12999725341797,67.12999725341797
14-06-2021,65.16999816894531,67.25,6944300,67.26000213623047,65.88999938964844,65.88999938964844
15-06-2021,65.47000122070312,66.0,5011400,66.3499984741211,65.95999908447266,65.95999908447266
16-06-2021,65.30000305175781,65.44000244140625,5626000,66.3499984741211,66.08999633789062,66.08999633789062
17-06-2021,65.25,65.66999816894531,6398300,66.30000305175781,65.33000183105469,65.33000183105469
18-06-2021,63.13999938964844,64.83999633789062,11438700,64.93000030517578,63.2599983215332,63.2599983215332
21-06-2021,63.36000061035156,63.380001068115234,6483600,64.97000122070312,64.4000015258789,64.4000015258789
22-06-2021,63.40999984741211,64.27999877929688,5311100,65.12999725341797,64.88999938964844,64.88999938964844
23-06-2021,64.88999938964844,65.0199966430664,4462000,65.93000030517578,65.30000305175781,65.30000305175781
24-06-2021,65.13999938964844,65.41000366210938,5522300,66.75,66.56999969482422,66.56999969482422
25-06-2021,66.75,66.75,8999200,68.19000244140625,67.9000015258789,67.9000015258789
28-06-2021,67.56999969482422,68.26000213623047,5413400,68.97000122070312,68.81999969482422,68.81999969482422
29-06-2021,68.8499984741211,69.0,6513000,70.63999938964844,70.48999786376953,70.48999786376953
30-06-2021,69.69000244140625,70.2300033569336,7299800,70.66000366210938,70.20999908447266,70.20999908447266
01-07-2021,69.02999877929688,70.20999908447266,8519800,70.7699966430664,69.80000305175781,69.80000305175781
02-07-2021,69.36000061035156,69.98999786376953,4908800,70.30999755859375,70.08000183105469,70.08000183105469
06-07-2021,68.88999938964844,70.1500015258789,6112100,70.1500015258789,69.0199966430664,69.0199966430664
07-07-2021,68.98999786376953,69.16000366210938,6019500,70.5199966430664,70.06999969482422,70.06999969482422
08-07-2021,68.37999725341797,68.66000366210938,5581800,69.29000091552734,68.6500015258789,68.6500015258789
09-07-2021,68.58000183105469,68.83000183105469,5263600,69.94999694824219,69.45999908447266,69.45999908447266
12-07-2021,68.8499984741211,69.81999969482422,5628800,70.25,68.97000122070312,68.97000122070312
13-07-2021,68.5,68.81999969482422,4491800,69.47000122070312,68.73999786376953,68.73999786376953
14-07-2021,67.95999908447266,69.66999816894531,6484100,70.30999755859375,68.02999877929688,68.02999877929688
15-07-2021,67.63999938964844,68.05999755859375,4578000,68.62999725341797,68.13999938964844,68.13999938964844
16-07-2021,68.13999938964844,68.41000366210938,4278900,68.80000305175781,68.18000030517578,68.18000030517578
19-07-2021,67.27999877929688,67.61000061035156,6464400,68.87999725341797,68.52999877929688,68.52999877929688
20-07-2021,68.58000183105469,68.69999694824219,6223900,69.61000061035156,69.56999969482422,69.56999969482422
21-07-2021,69.2300033569336,69.41000366210938,6082500,70.06999969482422,69.86000061035156,69.86000061035156
22-07-2021,69.61000061035156,69.8499984741211,8802200,72.0999984741211,72.05999755859375,72.05999755859375
23-07-2021,71.66000366210938,72.12000274658203,6700500,73.7699966430664,73.54000091552734,73.54000091552734
26-07-2021,72.88999938964844,72.88999938964844,7653700,73.97000122070312,73.26000213623047,73.26000213623047
27-07-2021,71.06999969482422,73.08999633789062,8159400,73.23999786376953,72.29000091552734,72.29000091552734
28-07-2021,72.22000122070312,72.58000183105469,5141000,73.56999969482422,72.88999938964844,72.88999938964844
29-07-2021,73.05000305175781,73.13999938964844,4963100,74.12999725341797,73.41000366210938,73.41000366210938
30-07-2021,68.08000183105469,72.05999755859375,11995300,72.06999969482422,68.20999908447266,68.20999908447266
02-08-2021,67.58000183105469,68.80999755859375,6785100,69.36000061035156,68.62999725341797,68.62999725341797
03-08-2021,67.63999938964844,68.75,5997800,68.77999877929688,68.01000213623047,68.01000213623047
04-08-2021,67.72000122070312,67.91999816894531,6715600,68.69999694824219,68.0,68.0
05-08-2021,65.58000183105469,67.69999694824219,9926200,67.87999725341797,67.27999877929688,67.27999877929688
06-08-2021,65.2699966430664,67.26000213623047,8888300,67.27999877929688,65.48999786376953,65.48999786376953
09-08-2021,65.06999969482422,65.73999786376953,7186400,66.31999969482422,65.3499984741211,65.3499984741211
10-08-2021,65.3499984741211,65.36000061035156,7358900,67.58000183105469,67.30999755859375,67.30999755859375
11-08-2021,66.94999694824219,67.22000122070312,10104400,68.22000122070312,68.0199966430664,68.0199966430664
12-08-2021,66.36000061035156,67.16999816894531,10677700,69.04000091552734,68.88999938964844,68.88999938964844
13-08-2021,68.58999633789062,68.63999938964844,17907600,74.1500015258789,74.0199966430664,74.0199966430664
16-08-2021,73.51000213623047,73.72000122070312,12691700,76.55000305175781,75.25,75.25
17-08-2021,72.66000366210938,74.04000091552734,9422600,74.73999786376953,72.83999633789062,72.83999633789062
18-08-2021,72.36000061035156,72.9800033569336,6536400,74.13999938964844,72.83000183105469,72.83000183105469
19-08-2021,72.05999755859375,72.36000061035156,5607100,73.55000305175781,72.83000183105469,72.83000183105469
20-08-2021,72.80999755859375,72.9000015258789,5398700,73.83999633789062,73.36000061035156,73.36000061035156
23-08-2021,71.77999877929688,73.41000366210938,5044700,73.47000122070312,73.19999694824219,73.19999694824219
24-08-2021,72.62000274658203,73.52999877929688,6132300,74.0,72.83999633789062,72.83999633789062
25-08-2021,72.70999908447266,72.8499984741211,5052500,74.48999786376953,74.16000366210938,74.16000366210938
26-08-2021,73.76000213623047,74.33999633789062,5539700,75.95999908447266,75.63999938964844,75.63999938964844
27-08-2021,75.19000244140625,75.30000305175781,5093200,76.58000183105469,76.41000366210938,76.41000366210938
30-08-2021,76.04000091552734,76.43000030517578,5541700,77.83000183105469,77.55000305175781,77.55000305175781
31-08-2021,76.56999969482422,77.48999786376953,6806300,77.72000122070312,76.73999786376953,76.73999786376953
01-09-2021,75.9000015258789,77.05999755859375,5740200,77.05999755859375,76.1500015258789,76.1500015258789
02-09-2021,76.12000274658203,76.30999755859375,5031000,77.22000122070312,76.48999786376953,76.48999786376953
03-09-2021,75.9800033569336,76.30999755859375,4436500,76.94999694824219,76.52999877929688,76.52999877929688
07-09-2021,74.6500015258789,76.41000366210938,6041300,76.45999908447266,74.70999908447266,74.70999908447266
08-09-2021,73.68000030517578,74.81999969482422,6351300,74.98999786376953,73.93000030517578,73.93000030517578
09-09-2021,72.94000244140625,73.83000183105469,5164200,74.08999633789062,73.0,73.0
10-09-2021,72.4800033569336,73.9800033569336,5393000,74.2699966430664,72.55999755859375,72.55999755859375
13-09-2021,71.87000274658203,72.95999908447266,5768600,73.12999725341797,72.66999816894531,72.66999816894531
14-09-2021,71.02999877929688,72.75,6576700,73.0199966430664,71.38999938964844,71.38999938964844
15-09-2021,71.86000061035156,71.95999908447266,10771100,74.98999786376953,73.98999786376953,73.98999786376953
16-09-2021,73.30999755859375,73.43000030517578,6630300,75.11000061035156,74.69999694824219,74.69999694824219
17-09-2021,73.7300033569336,74.88999938964844,8874800,75.0999984741211,74.11000061035156,74.11000061035156
20-09-2021,70.75,72.68000030517578,9841500,73.0,72.87000274658203,72.87000274658203
21-09-2021,72.06999969482422,73.41000366210938,5375100,74.02999877929688,72.12000274658203,72.12000274658203
22-09-2021,72.37999725341797,72.58999633789062,4028400,73.7300033569336,73.20999908447266,73.20999908447266
23-09-2021,73.18000030517578,73.48999786376953,4128800,74.41000366210938,73.51000213623047,73.51000213623047
24-09-2021,72.72000122070312,72.93000030517578,3486600,73.4000015258789,72.98999786376953,72.98999786376953
27-09-2021,72.41000366210938,72.7300033569336,4268700,73.80999755859375,73.66999816894531,73.66999816894531
28-09-2021,70.7300033569336,72.83000183105469,5379600,73.66999816894531,71.26000213623047,71.26000213623047
29-09-2021,69.7300033569336,71.5199966430664,5621400,71.83000183105469,69.97000122070312,69.97000122070312
30-09-2021,69.62000274658203,70.2699966430664,3927200,70.66000366210938,69.66999816894531,69.66999816894531
01-10-2021,69.0199966430664,69.69999694824219,4069100,70.36000061035156,69.91000366210938,69.91000366210938
04-10-2021,68.27999877929688,69.43000030517578,4648400,69.58000183105469,68.47000122070312,68.47000122070312
05-10-2021,68.66999816894531,68.87999725341797,3932500,70.62999725341797,69.97000122070312,69.97000122070312
06-10-2021,69.13999938964844,69.30999755859375,4867000,71.5999984741211,71.54000091552734,71.54000091552734
07-10-2021,72.8499984741211,72.97000122070312,7309200,75.16999816894531,74.16999816894531,74.16999816894531
08-10-2021,74.33000183105469,74.44000244140625,4672600,75.94999694824219,75.05000305175781,75.05000305175781
11-10-2021,74.19999694824219,74.69000244140625,2817900,74.9000015258789,74.5,74.5
12-10-2021,74.51000213623047,75.20999908447266,3408300,75.70999908447266,74.66999816894531,74.66999816894531
13-10-2021,74.23999786376953,74.97000122070312,2929400,75.33000183105469,74.9000015258789,74.9000015258789
14-10-2021,74.22000122070312,75.55000305175781,4770000,75.75,74.68000030517578,74.68000030517578
15-10-2021,74.63999938964844,75.23999786376953,4358500,75.41999816894531,74.9000015258789,74.9000015258789
18-10-2021,73.88999938964844,74.66999816894531,5730000,75.05000305175781,74.25,74.25
19-10-2021,74.37999725341797,74.41000366210938,3425800,75.37999725341797,74.72000122070312,74.72000122070312
20-10-2021,74.62000274658203,74.95999908447266,5201700,76.94999694824219,75.97000122070312,75.97000122070312
21-10-2021,75.05999755859375,75.58000183105469,3615500,76.2699966430664,76.20999908447266,76.20999908447266
22-10-2021,76.29000091552734,76.29000091552734,11047500,81.19000244140625,80.58999633789062,80.58999633789062
25-10-2021,79.9000015258789,80.58999633789062,6299600,81.05999755859375,80.56999969482422,80.56999969482422
26-10-2021,78.4000015258789,80.97000122070312,6145700,80.9800033569336,78.5,78.5
27-10-2021,77.29000091552734,78.25,7896500,78.5,77.66000366210938,77.66000366210938
28-10-2021,70.55000305175781,74.02999877929688,17831800,74.4800033569336,72.41000366210938,72.41000366210938
29-10-2021,72.06999969482422,72.06999969482422,16714300,76.9800033569336,76.72000122070312,76.72000122070312
01-11-2021,75.55000305175781,76.47000122070312,7915700,77.61000061035156,76.30000305175781,76.30000305175781
02-11-2021,74.47000122070312,75.62999725341797,7002300,76.37999725341797,74.9000015258789,74.9000015258789
03-11-2021,73.86000061035156,74.69000244140625,9462500,76.12999725341797,75.44999694824219,75.44999694824219
04-11-2021,74.94999694824219,75.66000366210938,5958200,77.0,76.27999877929688,76.27999877929688
05-11-2021,75.52999877929688,76.6500015258789,4692600,76.94000244140625,75.56999969482422,75.56999969482422
08-11-2021,73.5,75.79000091552734,8320500,76.52999877929688,73.76000213623047,73.76000213623047
09-11-2021,73.77999877929688,74.0999984741211,8317700,75.47000122070312,73.95999908447266,73.95999908447266
10-11-2021,72.94000244140625,73.87000274658203,6126600,74.72000122070312,73.2300033569336,73.2300033569336
11-11-2021,73.29000091552734,74.02999877929688,4200800,74.94999694824219,73.30000305175781,73.30000305175781
12-11-2021,72.52999877929688,73.45999908447266,3793600,74.12999725341797,73.91000366210938,73.91000366210938
15-11-2021,74.0,74.47000122070312,5079300,76.23999786376953,74.20999908447266,74.20999908447266
16-11-2021,74.19000244140625,74.30000305175781,6200400,76.58000183105469,75.88999938964844,75.88999938964844
17-11-2021,72.98999786376953,75.80000305175781,6393300,75.91999816894531,73.37999725341797,73.37999725341797
18-11-2021,73.45999908447266,73.5,9833400,75.05000305175781,74.72000122070312,74.72000122070312
19-11-2021,74.47000122070312,74.9000015258789,5573800,76.41000366210938,74.62999725341797,74.62999725341797
22-11-2021,73.54000091552734,74.43000030517578,4576600,75.19000244140625,73.56999969482422,73.56999969482422
23-11-2021,71.04000091552734,73.20999908447266,10521500,73.37999725341797,71.6500015258789,71.6500015258789
24-11-2021,70.91000366210938,71.3499984741211,4675200,72.87999725341797,72.66000366210938,72.66000366210938
26-11-2021,72.0999984741211,72.97000122070312,4121900,73.5999984741211,72.47000122070312,72.47000122070312
29-11-2021,69.52999877929688,72.54000091552734,7789500,72.66000366210938,70.55000305175781,70.55000305175781
30-11-2021,66.88999938964844,70.33000183105469,21869100,70.72000122070312,67.45999908447266,67.45999908447266
01-12-2021,66.73999786376953,68.63999938964844,11859600,68.6500015258789,66.80999755859375,66.80999755859375
02-12-2021,66.27999877929688,67.16999816894531,8384900,67.94999694824219,67.4800033569336,67.4800033569336
03-12-2021,66.30999755859375,67.77999877929688,10336600,68.54000091552734,67.05000305175781,67.05000305175781
06-12-2021,65.54000091552734,67.12999725341797,6413100,67.13999938964844,66.06999969482422,66.06999969482422
07-12-2021,66.52999877929688,66.72000122070312,6224500,67.6500015258789,67.2300033569336,67.2300033569336
08-12-2021,66.27999877929688,67.33000183105469,6751900,67.70999908447266,67.16000366210938,67.16000366210938
09-12-2021,66.55000305175781,66.98999786376953,4523800,67.69000244140625,66.5999984741211,66.5999984741211
10-12-2021,65.94000244140625,66.80999755859375,7593700,67.1500015258789,66.88999938964844,66.88999938964844
13-12-2021,66.22000122070312,66.47000122070312,6043700,67.44000244140625,66.69000244140625,66.69000244140625
14-12-2021,65.2699966430664,66.25,9297700,66.45999908447266,65.8499984741211,65.8499984741211
15-12-2021,64.25,65.31999969482422,10196400,65.76000213623047,65.61000061035156,65.61000061035156
16-12-2021,63.95000076293945,65.77999877929688,8521400,66.12999725341797,64.04000091552734,64.04000091552734
17-12-2021,62.970001220703125,63.650001525878906,19368900,65.1500015258789,64.02999877929688,64.02999877929688
20-12-2021,62.81999969482422,62.90999984741211,8123700,65.16000366210938,63.790000915527344,63.790000915527344
21-12-2021,63.29999923706055,64.20999908447266,9835700,64.55000305175781,63.709999084472656,63.709999084472656
22-12-2021,63.34000015258789,63.75,5835900,64.6500015258789,63.939998626708984,63.939998626708984
23-12-2021,63.66999816894531,64.0,6045400,65.44000244140625,64.88999938964844,64.88999938964844
27-12-2021,64.97000122070312,65.20999908447266,6050200,65.8499984741211,65.66000366210938,65.66000366210938
28-12-2021,65.47000122070312,65.81999969482422,5534400,66.72000122070312,66.08000183105469,66.08000183105469
29-12-2021,65.5999984741211,65.93000030517578,3654500,66.75,66.45999908447266,66.45999908447266
30-12-2021,66.23999786376953,66.27999877929688,3673600,67.6500015258789,66.77999877929688,66.77999877929688
31-12-2021,65.7300033569336,66.73999786376953,5935800,66.91999816894531,66.5,66.5
03-01-2022,65.66000366210938,66.44999694824219,6685500,67.12000274658203,66.80000305175781,66.80000305175781
04-01-2022,64.44000244140625,67.16999816894531,7527300,67.41999816894531,65.13999938964844,65.13999938964844
05-01-2022,64.45999908447266,64.87000274658203,7440700,66.2699966430664,64.48999786376953,64.48999786376953
06-01-2022,64.08000183105469,64.13999938964844,8218400,67.48999786376953,66.80999755859375,66.80999755859375
07-01-2022,66.27999877929688,66.7300033569336,5000900,67.33000183105469,66.31999969482422,66.31999969482422
10-01-2022,63.720001220703125,65.72000122070312,6684000,66.33000183105469,64.56999969482422,64.56999969482422
11-01-2022,64.06999969482422,64.58000183105469,3811100,66.5199966430664,66.43000030517578,66.43000030517578
12-01-2022,63.849998474121094,66.87000274658203,5426000,66.98999786376953,64.31999969482422,64.31999969482422
13-01-2022,63.16999816894531,64.73999786376953,4416900,65.23999786376953,63.279998779296875,63.279998779296875
14-01-2022,62.63999938964844,63.16999816894531,6253100,63.84000015258789,63.45000076293945,63.45000076293945
18-01-2022,61.529998779296875,62.79999923706055,7163600,62.79999923706055,61.61000061035156,61.61000061035156
19-01-2022,61.91999816894531,61.959999084472656,6721800,62.84000015258789,62.290000915527344,62.290000915527344
20-01-2022,60.66999816894531,62.849998474121094,5352500,63.68000030517578,60.709999084472656,60.709999084472656
21-01-2022,59.369998931884766,60.91999816894531,7742200,61.34000015258789,59.540000915527344,59.540000915527344
24-01-2022,56.880001068115234,58.970001220703125,9318900,59.720001220703125,59.65999984741211,59.65999984741211
25-01-2022,56.91999816894531,58.439998626708984,7635900,58.56999969482422,58.18000030517578,58.18000030517578
26-01-2022,57.20000076293945,58.56999969482422,7599800,59.4900016784668,57.709999084472656,57.709999084472656
27-01-2022,56.400001525878906,58.040000915527344,4947100,58.709999084472656,56.70000076293945,56.70000076293945
28-01-2022,55.90999984741211,56.7400016784668,5027100,57.599998474121094,57.540000915527344,57.540000915527344
31-01-2022,57.65999984741211,57.72999954223633,9059300,60.38999938964844,60.06999969482422,60.06999969482422
01-02-2022,59.56999969482422,59.90999984741211,4080600,60.619998931884766,60.47999954223633,60.47999954223633
02-02-2022,57.41999816894531,60.470001220703125,8826200,60.59000015258789,58.540000915527344,58.540000915527344
03-02-2022,56.93000030517578,58.0,6287200,58.09000015258789,57.189998626708984,57.189998626708984
04-02-2022,57.25,57.34000015258789,10587000,60.27000045776367,59.290000915527344,59.290000915527344
07-02-2022,58.540000915527344,59.18000030517578,5718400,59.72999954223633,58.70000076293945,58.70000076293945
08-02-2022,58.439998626708984,58.439998626708984,3770700,59.90999984741211,59.72999954223633,59.72999954223633
09-02-2022,59.70000076293945,60.369998931884766,3448800,60.65999984741211,60.61000061035156,60.61000061035156
10-02-2022,58.47999954223633,59.4900016784668,3976200,60.029998779296875,58.810001373291016,58.810001373291016
11-02-2022,58.04999923706055,59.310001373291016,5897200,59.939998626708984,58.380001068115234,58.380001068115234
14-02-2022,57.68000030517578,58.529998779296875,5714500,58.63999938964844,58.18000030517578,58.18000030517578
15-02-2022,58.630001068115234,58.959999084472656,3803800,59.9900016784668,59.93000030517578,59.93000030517578
16-02-2022,57.2599983215332,59.689998626708984,5201800,59.75,57.650001525878906,57.650001525878906
17-02-2022,55.529998779296875,57.47999954223633,5659300,57.70000076293945,55.7599983215332,55.7599983215332
18-02-2022,54.27000045776367,55.36000061035156,7219600,55.88999938964844,55.459999084472656,55.459999084472656
22-02-2022,54.88999938964844,55.119998931884766,6951000,56.75,55.150001525878906,55.150001525878906
23-02-2022,54.470001220703125,55.529998779296875,11482500,55.88999938964844,54.59000015258789,54.59000015258789
24-02-2022,49.529998779296875,50.22999954223633,24110800,55.63999938964844,55.439998626708984,55.439998626708984
25-02-2022,53.380001068115234,55.369998931884766,8340200,55.56999969482422,54.599998474121094,54.599998474121094
28-02-2022,53.40999984741211,54.31999969482422,9281300,54.9900016784668,54.59000015258789,54.59000015258789
01-03-2022,53.939998626708984,54.560001373291016,9298800,55.04999923706055,54.349998474121094,54.349998474121094
02-03-2022,53.68000030517578,54.349998474121094,8496700,55.45000076293945,55.09000015258789,55.09000015258789
03-03-2022,53.459999084472656,55.63999938964844,6139200,55.63999938964844,54.41999816894531,54.41999816894531
04-03-2022,54.09000015258789,54.290000915527344,8300800,56.439998626708984,55.65999984741211,55.65999984741211
07-03-2022,54.7400016784668,55.5,9961700,56.459999084472656,54.849998474121094,54.849998474121094
08-03-2022,53.25,54.939998626708984,9549000,55.93000030517578,53.310001373291016,53.310001373291016
09-03-2022,52.599998474121094,53.93000030517578,10250400,53.93000030517578,53.060001373291016,53.060001373291016
10-03-2022,51.279998779296875,53.02000045776367,18926000,55.47999954223633,52.36000061035156,52.36000061035156
11-03-2022,50.0,52.900001525878906,9217700,52.900001525878906,50.060001373291016,50.060001373291016
14-03-2022,50.0099983215332,50.20000076293945,9205600,53.25,52.09000015258789,52.09000015258789
15-03-2022,52.220001220703125,52.5099983215332,8927400,54.560001373291016,53.939998626708984,53.939998626708984
16-03-2022,53.08000183105469,53.790000915527344,7561500,54.900001525878906,54.77000045776367,54.77000045776367
17-03-2022,54.060001373291016,54.279998779296875,5974000,55.86000061035156,55.66999816894531,55.66999816894531
18-03-2022,55.099998474121094,55.099998474121094,10588500,56.66999816894531,56.02000045776367,56.02000045776367
21-03-2022,54.880001068115234,55.58000183105469,5918500,56.25,55.31999969482422,55.31999969482422
22-03-2022,54.95000076293945,54.97999954223633,7120300,56.2599983215332,55.75,55.75
23-03-2022,54.650001525878906,55.41999816894531,5329000,56.060001373291016,55.599998474121094,55.599998474121094
24-03-2022,55.540000915527344,55.7400016784668,6892900,57.38999938964844,57.22999954223633,57.22999954223633
25-03-2022,56.95000076293945,57.380001068115234,6240900,58.04999923706055,57.41999816894531,57.41999816894531
28-03-2022,56.93000030517578,57.41999816894531,7156400,58.84000015258789,58.779998779296875,58.779998779296875
29-03-2022,59.380001068115234,59.380001068115234,5341100,60.38999938964844,60.209999084472656,60.209999084472656
30-03-2022,59.119998931884766,59.72999954223633,5943000,60.34000015258789,59.36000061035156,59.36000061035156
31-03-2022,57.2400016784668,59.15999984741211,9380700,59.15999984741211,57.2599983215332,57.2599983215332
01-04-2022,57.29999923706055,57.869998931884766,4950100,58.33000183105469,57.709999084472656,57.709999084472656
04-04-2022,56.4900016784668,58.08000183105469,6651900,58.369998931884766,56.72999954223633,56.72999954223633
05-04-2022,55.97999954223633,56.68000030517578,5040600,57.72999954223633,56.400001525878906,56.400001525878906
06-04-2022,53.47999954223633,55.83000183105469,6359400,56.150001525878906,54.119998931884766,54.119998931884766
07-04-2022,53.5,53.880001068115234,4998700,54.84000015258789,54.380001068115234,54.380001068115234
08-04-2022,54.119998931884766,54.5,3747400,55.439998626708984,55.029998779296875,55.029998779296875
11-04-2022,54.36000061035156,54.36000061035156,4101900,56.22999954223633,54.88999938964844,54.88999938964844
12-04-2022,54.119998931884766,55.33000183105469,3987300,55.779998779296875,54.2400016784668,54.2400016784668
13-04-2022,53.959999084472656,54.09000015258789,3787000,55.470001220703125,55.119998931884766,55.119998931884766
14-04-2022,53.97999954223633,55.20000076293945,4452200,55.470001220703125,54.150001525878906,54.150001525878906
18-04-2022,53.66999816894531,53.83000183105469,4115300,54.75,54.560001373291016,54.560001373291016
19-04-2022,54.15999984741211,54.15999984741211,4698300,55.220001220703125,55.16999816894531,55.16999816894531
20-04-2022,54.7599983215332,55.31999969482422,4937900,55.36000061035156,54.86000061035156,54.86000061035156
21-04-2022,54.54999923706055,55.22999954223633,4408600,55.86000061035156,54.77000045776367,54.77000045776367
22-04-2022,53.08000183105469,54.599998474121094,4914800,54.83000183105469,53.16999816894531,53.16999816894531
25-04-2022,52.709999084472656,52.93000030517578,5503600,53.880001068115234,53.630001068115234,53.630001068115234
26-04-2022,52.47999954223633,53.59000015258789,4951700,53.959999084472656,53.099998474121094,53.099998474121094
27-04-2022,52.0,52.9900016784668,4905700,53.88999938964844,52.060001373291016,52.060001373291016
28-04-2022,52.150001525878906,52.470001220703125,6008500,54.04999923706055,53.77000045776367,53.77000045776367
29-04-2022,51.52000045776367,51.52000045776367,8341100,53.97999954223633,51.91999816894531,51.91999816894531
02-05-2022,51.459999084472656,51.970001220703125,6139800,53.220001220703125,53.150001525878906,53.150001525878906
03-05-2022,53.02000045776367,53.279998779296875,8059000,54.25,53.459999084472656,53.459999084472656
04-05-2022,52.31999969482422,53.47999954223633,9500200,54.4900016784668,54.41999816894531,54.41999816894531
05-05-2022,47.290000915527344,51.209999084472656,19285100,51.81999969482422,48.040000915527344,48.040000915527344
06-05-2022,47.029998779296875,48.0,11281200,49.63999938964844,48.810001373291016,48.810001373291016
09-05-2022,47.66999816894531,48.08000183105469,12832100,50.91999816894531,49.2599983215332,49.2599983215332
10-05-2022,48.380001068115234,49.970001220703125,7614900,50.88999938964844,48.59000015258789,48.59000015258789
11-05-2022,46.470001220703125,48.310001373291016,7085300,48.95000076293945,46.58000183105469,46.58000183105469
12-05-2022,45.189998626708984,45.97999954223633,8920400,47.81999969482422,46.15999984741211,46.15999984741211
13-05-2022,45.720001220703125,46.459999084472656,6455200,46.7599983215332,46.650001525878906,46.650001525878906
16-05-2022,44.90999984741211,46.4900016784668,6940600,46.4900016784668,45.09000015258789,45.09000015258789
17-05-2022,45.400001525878906,45.63999938964844,5704500,47.119998931884766,46.91999816894531,46.91999816894531
18-05-2022,44.650001525878906,46.099998474121094,5883200,46.779998779296875,44.939998626708984,44.939998626708984
19-05-2022,44.02000045776367,44.619998931884766,7668700,45.33000183105469,44.619998931884766,44.619998931884766
20-05-2022,43.279998779296875,44.959999084472656,7445800,45.31999969482422,44.310001373291016,44.310001373291016
23-05-2022,44.0,44.7400016784668,6122500,45.349998474121094,45.189998626708984,45.189998626708984
24-05-2022,43.619998931884766,44.400001525878906,8315100,45.630001068115234,44.18000030517578,44.18000030517578
25-05-2022,43.869998931884766,43.869998931884766,7522100,45.130001068115234,44.810001373291016,44.810001373291016
26-05-2022,45.4900016784668,45.68000030517578,6299000,46.810001373291016,46.470001220703125,46.470001220703125
27-05-2022,47.04999923706055,47.220001220703125,8695400,48.83000183105469,48.81999969482422,48.81999969482422
31-05-2022,47.31999969482422,48.439998626708984,17674900,49.29999923706055,48.66999816894531,48.66999816894531
01-06-2022,46.810001373291016,49.08000183105469,7174800,49.08000183105469,46.970001220703125,46.970001220703125
02-06-2022,46.45000076293945,46.86000061035156,5287700,47.779998779296875,47.77000045776367,47.77000045776367
03-06-2022,46.790000915527344,47.31999969482422,6122200,47.54999923706055,47.09000015258789,47.09000015258789
06-06-2022,47.470001220703125,47.9900016784668,5350100,48.7599983215332,47.66999816894531,47.66999816894531
07-06-2022,46.68000030517578,46.900001525878906,5114200,47.66999816894531,47.5099983215332,47.5099983215332
08-06-2022,47.29999923706055,47.81999969482422,4401800,48.13999938964844,47.68000030517578,47.68000030517578
09-06-2022,46.43000030517578,47.20000076293945,5139100,47.439998626708984,46.689998626708984,46.689998626708984
10-06-2022,44.279998779296875,44.349998474121094,8764800,45.58000183105469,44.279998779296875,44.279998779296875
13-06-2022,42.66999816894531,43.0099983215332,9224400,43.970001220703125,42.93000030517578,42.93000030517578
14-06-2022,42.209999084472656,43.20000076293945,5288400,43.59000015258789,42.58000183105469,42.58000183105469
15-06-2022,42.58000183105469,42.970001220703125,8232200,44.04999923706055,43.5099983215332,43.5099983215332
16-06-2022,40.52000045776367,42.290000915527344,9954900,42.5,41.08000183105469,41.08000183105469
17-06-2022,41.43000030517578,41.5099983215332,21193800,42.56999969482422,42.209999084472656,42.209999084472656
21-06-2022,42.20000076293945,42.70000076293945,7628500,43.470001220703125,42.290000915527344,42.290000915527344
22-06-2022,41.83000183105469,41.880001068115234,7343000,43.65999984741211,43.130001068115234,43.130001068115234
23-06-2022,42.04999923706055,42.16999816894531,5244700,43.11000061035156,42.970001220703125,42.970001220703125
24-06-2022,43.220001220703125,43.349998474121094,20444400,45.779998779296875,45.66999816894531,45.66999816894531
27-06-2022,44.220001220703125,45.869998931884766,4703400,45.939998626708984,44.380001068115234,44.380001068115234
28-06-2022,42.599998474121094,43.400001525878906,5435600,44.47999954223633,42.650001525878906,42.650001525878906
29-06-2022,42.29999923706055,42.58000183105469,3517100,43.029998779296875,42.66999816894531,42.66999816894531
30-06-2022,41.02000045776367,42.41999816894531,6571700,42.41999816894531,41.66999816894531,41.66999816894531
01-07-2022,41.7599983215332,41.939998626708984,4950800,43.040000915527344,42.88999938964844,42.88999938964844
05-07-2022,41.88999938964844,42.2599983215332,6413700,43.959999084472656,43.93000030517578,43.93000030517578
06-07-2022,43.560001373291016,44.400001525878906,6444000,44.959999084472656,43.720001220703125,43.720001220703125
07-07-2022,43.189998626708984,43.720001220703125,6216100,44.06999969482422,43.81999969482422,43.81999969482422
08-07-2022,42.75,43.400001525878906,3716300,43.83000183105469,43.13999938964844,43.13999938964844
11-07-2022,42.38999938964844,43.02000045776367,5986800,43.15999984741211,42.83000183105469,42.83000183105469
12-07-2022,42.869998931884766,43.060001373291016,4751000,43.95000076293945,43.20000076293945,43.20000076293945
13-07-2022,41.939998626708984,42.20000076293945,4439900,43.150001525878906,42.4900016784668,42.4900016784668
14-07-2022,41.220001220703125,42.20000076293945,3624800,42.36000061035156,42.029998779296875,42.029998779296875
15-07-2022,42.849998474121094,42.9900016784668,6407300,43.959999084472656,43.61000061035156,43.61000061035156
18-07-2022,43.349998474121094,43.97999954223633,4544300,44.72999954223633,43.59000015258789,43.59000015258789
19-07-2022,43.88999938964844,43.88999938964844,4290500,45.4900016784668,45.380001068115234,45.380001068115234
20-07-2022,45.41999816894531,45.59000015258789,4066000,46.470001220703125,46.189998626708984,46.189998626708984
21-07-2022,45.849998474121094,46.08000183105469,2964100,46.66999816894531,46.650001525878906,46.650001525878906
22-07-2022,46.36000061035156,46.59000015258789,4908200,47.369998931884766,46.68000030517578,46.68000030517578
25-07-2022,46.13999938964844,46.68000030517578,4042600,47.040000915527344,46.560001373291016,46.560001373291016
26-07-2022,45.25,45.38999938964844,3834200,45.790000915527344,45.65999984741211,45.65999984741211
27-07-2022,45.83000183105469,45.95000076293945,4123000,47.52000045776367,47.18000030517578,47.18000030517578
28-07-2022,46.47999954223633,47.369998931884766,4914700,48.2400016784668,48.209999084472656,48.209999084472656
29-07-2022,48.380001068115234,49.130001068115234,7241400,49.72999954223633,48.630001068115234,48.630001068115234
01-08-2022,47.650001525878906,47.849998474121094,4805800,49.34000015258789,48.939998626708984,48.939998626708984
02-08-2022,47.75,48.689998626708984,5250700,48.84000015258789,48.43000030517578,48.43000030517578
03-08-2022,49.0,49.0,8749800,50.81999969482422,50.47999954223633,50.47999954223633
04-08-2022,46.65999984741211,50.099998474121094,10604500,50.189998626708984,47.869998931884766,47.869998931884766
05-08-2022,46.689998626708984,47.33000183105469,5487400,47.65999984741211,47.279998779296875,47.279998779296875
08-08-2022,47.20000076293945,47.630001068115234,4786100,49.0,47.61000061035156,47.61000061035156
09-08-2022,47.02000045776367,47.56999969482422,6075100,48.02000045776367,48.0,48.0
10-08-2022,48.470001220703125,48.86000061035156,4848400,49.290000915527344,48.5,48.5
11-08-2022,48.130001068115234,48.869998931884766,4581900,49.52000045776367,48.56999969482422,48.56999969482422
12-08-2022,48.68000030517578,48.95000076293945,2885800,49.47999954223633,49.439998626708984,49.439998626708984
15-08-2022,48.20000076293945,49.16999816894531,3710000,49.2400016784668,48.68000030517578,48.68000030517578
16-08-2022,48.58000183105469,48.689998626708984,5314600,50.16999816894531,49.5,49.5
17-08-2022,48.2400016784668,48.88999938964844,3832300,49.029998779296875,48.56999969482422,48.56999969482422
18-08-2022,47.81999969482422,48.38999938964844,3534100,48.720001220703125,48.540000915527344,48.540000915527344
19-08-2022,46.54999923706055,47.849998474121094,4377500,48.08000183105469,47.06999969482422,47.06999969482422
22-08-2022,45.33000183105469,46.70000076293945,4322500,46.70000076293945,45.38999938964844,45.38999938964844
23-08-2022,45.15999984741211,45.31999969482422,4307200,46.36000061035156,45.43000030517578,45.43000030517578
24-08-2022,45.16999816894531,45.22999954223633,4212100,46.2599983215332,45.529998779296875,45.529998779296875
25-08-2022,45.560001373291016,45.72999954223633,3227800,46.619998931884766,46.59000015258789,46.59000015258789
26-08-2022,44.5099983215332,47.029998779296875,3978200,47.209999084472656,44.529998779296875,44.529998779296875
29-08-2022,43.900001525878906,44.2599983215332,4539100,44.849998474121094,44.459999084472656,44.459999084472656
30-08-2022,44.08000183105469,44.869998931884766,4274900,45.060001373291016,44.45000076293945,44.45000076293945
31-08-2022,43.90999984741211,44.689998626708984,7289300,44.810001373291016,44.130001068115234,44.130001068115234
01-09-2022,43.630001068115234,43.9900016784668,4660500,44.79999923706055,44.77000045776367,44.77000045776367
02-09-2022,43.83000183105469,45.189998626708984,4203000,45.459999084472656,44.11000061035156,44.11000061035156
06-09-2022,42.93000030517578,44.220001220703125,6219900,44.290000915527344,43.040000915527344,43.040000915527344
07-09-2022,43.09000015258789,43.150001525878906,4814700,44.869998931884766,44.65999984741211,44.65999984741211
08-09-2022,43.560001373291016,44.36000061035156,5945800,44.52000045776367,44.25,44.25
09-09-2022,44.27000045776367,44.380001068115234,4264800,45.15999984741211,45.099998474121094,45.099998474121094
12-09-2022,45.11000061035156,45.369998931884766,4737500,45.849998474121094,45.52000045776367,45.52000045776367
13-09-2022,42.61000061035156,44.150001525878906,6326400,44.38999938964844,42.790000915527344,42.790000915527344
14-09-2022,41.880001068115234,42.88999938964844,7176200,42.91999816894531,42.56999969482422,42.56999969482422
15-09-2022,42.43000030517578,42.4900016784668,6821600,43.83000183105469,42.65999984741211,42.65999984741211
16-09-2022,41.13999938964844,41.849998474121094,9313600,42.13999938964844,42.0,42.0
19-09-2022,41.08000183105469,41.77000045776367,6713000,41.869998931884766,41.349998474121094,41.349998474121094
20-09-2022,39.709999084472656,41.040000915527344,7587800,41.040000915527344,39.900001525878906,39.900001525878906
21-09-2022,38.79999923706055,40.040000915527344,6350400,40.310001373291016,38.93000030517578,38.93000030517578
22-09-2022,38.0099983215332,38.849998474121094,5490500,38.93000030517578,38.29999923706055,38.29999923706055
23-09-2022,37.5,38.029998779296875,5161200,38.220001220703125,38.189998626708984,38.189998626708984
26-09-2022,38.099998474121094,38.15999984741211,5571700,39.099998474121094,38.130001068115234,38.130001068115234
27-09-2022,37.27000045776367,38.52000045776367,5298000,38.59000015258789,37.56999969482422,37.56999969482422
28-09-2022,37.54999923706055,37.599998474121094,4452700,38.81999969482422,38.61000061035156,38.61000061035156
29-09-2022,37.279998779296875,37.959999084472656,4211800,38.060001373291016,37.689998626708984,37.689998626708984
30-09-2022,36.7599983215332,37.40999984741211,5953300,37.959999084472656,36.810001373291016,36.810001373291016
03-10-2022,36.18000030517578,36.939998626708984,8930300,37.619998931884766,37.220001220703125,37.220001220703125
04-10-2022,38.09000015258789,38.11000061035156,8189800,39.18000030517578,38.66999816894531,38.66999816894531
05-10-2022,38.18000030517578,38.25,7290500,39.4900016784668,39.119998931884766,39.119998931884766
06-10-2022,38.84000015258789,38.95000076293945,6471800,39.630001068115234,38.88999938964844,38.88999938964844
07-10-2022,37.41999816894531,38.5099983215332,6731600,38.58000183105469,37.54999923706055,37.54999923706055
10-10-2022,37.290000915527344,37.90999984741211,5192100,38.09000015258789,37.560001373291016,37.560001373291016
11-10-2022,36.619998931884766,37.209999084472656,6222400,37.79999923706055,36.95000076293945,36.95000076293945
12-10-2022,36.61000061035156,36.9900016784668,6324300,37.2400016784668,37.130001068115234,37.130001068115234
13-10-2022,35.91999816894531,36.209999084472656,7866600,38.34000015258789,37.959999084472656,37.959999084472656
14-10-2022,37.0099983215332,38.29999923706055,5716900,38.459999084472656,37.08000183105469,37.08000183105469
17-10-2022,37.790000915527344,38.0099983215332,5976000,38.45000076293945,37.849998474121094,37.849998474121094
18-10-2022,38.15999984741211,38.9900016784668,5326500,39.31999969482422,38.5,38.5
19-10-2022,37.279998779296875,38.279998779296875,5097700,38.63999938964844,37.810001373291016,37.810001373291016
20-10-2022,37.47999954223633,37.70000076293945,5105200,38.65999984741211,37.619998931884766,37.619998931884766
21-10-2022,37.08000183105469,37.40999984741211,4449300,38.45000076293945,38.40999984741211,38.40999984741211
24-10-2022,37.599998474121094,38.40999984741211,5899100,38.81999969482422,38.68000030517578,38.68000030517578
25-10-2022,38.13999938964844,38.61000061035156,6544200,39.119998931884766,38.970001220703125,38.970001220703125
26-10-2022,38.91999816894531,38.9900016784668,5856200,40.560001373291016,39.56999969482422,39.56999969482422
27-10-2022,39.619998931884766,39.70000076293945,6130400,40.630001068115234,39.849998474121094,39.849998474121094
28-10-2022,38.47999954223633,38.79999923706055,7750500,40.40999984741211,40.31999969482422,40.31999969482422
31-10-2022,39.41999816894531,40.349998474121094,6860700,40.61000061035156,39.84000015258789,39.84000015258789
01-11-2022,39.29999923706055,40.52000045776367,4960300,40.84000015258789,39.810001373291016,39.810001373291016
02-11-2022,38.0099983215332,39.91999816894531,8531900,40.0,38.060001373291016,38.060001373291016
03-11-2022,38.40999984741211,39.90999984741211,14052700,40.93000030517578,38.81999969482422,38.81999969482422
04-11-2022,39.029998779296875,39.470001220703125,7329900,40.779998779296875,40.06999969482422,40.06999969482422
07-11-2022,39.369998931884766,40.369998931884766,5258300,40.65999984741211,40.58000183105469,40.58000183105469
08-11-2022,40.220001220703125,40.58000183105469,7889100,42.2400016784668,41.599998474121094,41.599998474121094
09-11-2022,40.4900016784668,41.349998474121094,5208100,41.459999084472656,40.56999969482422,40.56999969482422
10-11-2022,42.2599983215332,42.4900016784668,9206000,44.79999923706055,44.65999984741211,44.65999984741211
11-11-2022,44.7400016784668,45.0,7298800,46.9900016784668,46.5099983215332,46.5099983215332
14-11-2022,45.849998474121094,46.34000015258789,6188100,46.88999938964844,45.90999984741211,45.90999984741211
15-11-2022,46.029998779296875,47.06999969482422,5466800,47.130001068115234,47.02000045776367,47.02000045776367
16-11-2022,45.310001373291016,46.279998779296875,5263300,46.459999084472656,45.4900016784668,45.4900016784668
17-11-2022,44.56999969482422,44.65999984741211,3617200,45.650001525878906,45.470001220703125,45.470001220703125
18-11-2022,45.25,46.119998931884766,3792000,46.150001525878906,45.68000030517578,45.68000030517578
21-11-2022,44.540000915527344,45.36000061035156,4096100,45.599998474121094,44.72999954223633,44.72999954223633
22-11-2022,44.40999984741211,44.880001068115234,3817000,45.15999984741211,45.130001068115234,45.130001068115234
23-11-2022,45.11000061035156,45.349998474121094,4981600,45.779998779296875,45.22999954223633,45.22999954223633
25-11-2022,44.560001373291016,44.66999816894531,2329800,45.209999084472656,45.040000915527344,45.040000915527344
28-11-2022,44.25,45.0,5878400,45.38999938964844,44.33000183105469,44.33000183105469
29-11-2022,43.619998931884766,44.599998474121094,4421400,44.65999984741211,43.77000045776367,43.77000045776367
30-11-2022,43.529998779296875,43.84000015258789,8878500,45.630001068115234,45.439998626708984,45.439998626708984
01-12-2022,45.04999923706055,45.36000061035156,4785600,46.09000015258789,45.15999984741211,45.15999984741211
02-12-2022,44.380001068115234,44.810001373291016,4338000,45.45000076293945,45.20000076293945,45.20000076293945
05-12-2022,43.81999969482422,44.849998474121094,4641100,44.91999816894531,43.939998626708984,43.939998626708984
06-12-2022,42.7400016784668,43.72999954223633,8691500,43.81999969482422,43.349998474121094,43.349998474121094
07-12-2022,42.959999084472656,43.099998474121094,5533200,43.91999816894531,43.15999984741211,43.15999984741211
08-12-2022,43.2599983215332,43.5,3855000,44.15999984741211,43.880001068115234,43.880001068115234
09-12-2022,43.310001373291016,43.529998779296875,4083600,44.04999923706055,43.63999938964844,43.63999938964844
12-12-2022,43.10499954223633,43.70000076293945,1069893,43.56999969482422,43.33000183105469,43.33000183105469
